1692944781938 1.8888000080327976 0
1692944781939 1.8768982039707143 0
1692944781940 1.8653364917041009 0
1692944781941 1.8539626758440146 0
1692944781942 1.8429311620332913 0
1692944781942 1.8319490354477597 0
1692944781943 1.821154930025743 0
1692944781944 1.8105238848061511 0
1692944781945 1.8003225022088771 0
1692944781946 1.790119190686485 0
1692944781947 1.7800782043779846 0
1692944781948 1.7703757082655176 0
1692944781949 1.7606936264774535 0
1692944781949 1.751350305444018 0
1692944781950 1.7419771530024122 0
1692944781951 1.7328013635731288 0
1692944781952 1.7237834952226707 0
1692944781953 1.7142882126166679 0
1692944781954 1.7048189774001974 0
1692944781954 1.6957053684803565 0
1692944781955 1.6872605168206036 0
1692944781956 1.6786667771094093 0
1692944781957 1.6701368521203932 0
1692944781958 1.662194171870011 0
1692944781958 1.653705396217083 0
1692944781959 1.645469299588284 0
1692944781960 1.6373488257565214 0
1692944781961 1.629371181710379 0
1692944781962 1.6215092484748266 0
1692944781962 1.6137337263360965 0
1692944781963 1.6061852365583191 0
1692944781964 1.5988812403844788 0
1692944781965 1.5916375226169728 0
1692944781966 1.5846205003599312 0
1692944781967 1.5781110214169116 0
1692944781967 1.5710803470992962 0
1692944781968 1.5643062442374038 0
1692944781969 1.5576306461594855 0
1692944781970 1.551024045492546 0
1692944781971 1.5445754404379335 0
1692944781972 1.538292282138536 0
1692944781972 1.53207780753293 0
1692944781973 1.526063125495919 0
1692944781974 1.5205551160854773 0
1692944781975 1.514716696145709 0
1692944781977 1.508949189410247 0
1692944781978 1.503290835667706 0
1692944781979 1.4977997577028126 0
1692944781980 1.4923414687866943 0
1692944781981 1.4869439646587341 0
1692944781981 1.4817058068395845 0
1692944781982 1.4765898682891248 0
1692944781983 1.4715313751995418 0
1692944781984 1.466433824886785 0
1692944781985 1.461545362575613 0
1692944781986 1.4567924250927988 0
1692944781987 1.4520497456793044 0
1692944781988 1.447458242944276 0
1692944781988 1.4429699626954153 0
1692944781989 1.4384387908911522 0
1692944781990 1.4340642413425724 0
1692944781991 1.4295549579403912 0
1692944781992 1.4252524218212896 0
1692944781993 1.4212081776765404 0
1692944781994 1.4171497007177998 0
1692944781994 1.4130705228983598 0
1692944781995 1.4091067389873375 0
1692944781996 1.4051454261768952 0
1692944781997 1.401337269641937 0
1692944781998 1.3975584958045577 0
1692944781998 1.3937205099468553 0
1692944781999 1.3901532576441726 0
1692944782000 1.3865369548703745 0
1692944782001 1.3829811712277227 0
1692944782002 1.3795078444772086 0
1692944782003 1.3760622334450032 0
1692944782004 1.372750531443986 0
1692944782005 1.3693834931216624 0
1692944782006 1.366031978389341 0
1692944782007 1.3627646373942497 0
1692944782008 1.3595644966380056 0
1692944782009 1.3562946318458868 0
1692944782010 1.3532201405896649 0
1692944782011 1.3501045486732741 0
1692944782012 1.3470944153338438 0
1692944782013 1.3440330909420406 0
1692944782013 1.3412685024404316 0
1692944782014 1.3384125340678723 0
1692944782015 1.3356214629266714 0
1692944782016 1.3328718988153172 0
1692944782017 1.330041940164797 0
1692944782018 1.327313059606582 0
1692944782018 1.3245135474248018 0
1692944782019 1.3218478499276194 0
1692944782020 1.31923856383137 0
1692944782021 1.3167838181383795 0
1692944782022 1.3142937573632845 0
1692944782022 1.3118233569436615 0
1692944782023 1.3092054740888202 0
1692944782024 1.3068093325584036 0
