1692944759852 1.8930239776176276 0
1692944759853 1.8832162856718475 0
1692944759853 1.875392524379564 0
1692944759854 1.8668502049357047 0
1692944759855 1.8579182456361159 0
1692944759856 1.84906831901141 0
1692944759857 1.8408303472065148 0
1692944759858 1.8325354052389233 0
1692944759859 1.82527310073612 0
1692944759860 1.8183299460651898 0
1692944759861 1.8102631141830177 0
1692944759862 1.8024147265972412 0
1692944759862 1.7960472791458586 0
1692944759863 1.788377526651853 0
1692944759864 1.780943117319881 0
1692944759865 1.7736167368374858 0
1692944759866 1.7660094200870617 0
1692944759866 1.7592543739933009 0
1692944759867 1.7532792962714656 0
1692944759868 1.7464345851673027 0
1692944759869 1.7395007152991107 0
1692944759870 1.7332858522882986 0
1692944759870 1.7263222283531374 0
1692944759871 1.7195520954025802 0
1692944759872 1.71281764529622 0
1692944759873 1.7069707498838043 0
1692944759874 1.7011217103848277 0
1692944759874 1.694881379413944 0
1692944759875 1.6885190840396465 0
1692944759876 1.6824132419194655 0
1692944759877 1.6766683006092726 0
1692944759878 1.6708090335822154 0
1692944759878 1.6650791942221963 0
1692944759879 1.6594505964455035 0
1692944759880 1.6539934769147324 0
1692944759881 1.6488437151284574 0
1692944759882 1.6432916599130971 0
1692944759882 1.6379073584171875 0
1692944759883 1.6334941638337763 0
1692944759884 1.6283210338033547 0
1692944759885 1.623082452792364 0
1692944759886 1.6183067792735035 0
1692944759886 1.613384843870984 0
1692944759887 1.6085635618440248 0
1692944759888 1.6038133993318817 0
1692944759889 1.5989887667402145 0
1692944759890 1.5941227001983849 0
1692944759891 1.5901195992069888 0
1692944759891 1.5856657596378336 0
1692944759892 1.581189733702052 0
1692944759893 1.576770162530851 0
1692944759894 1.5731966684237282 0
1692944759895 1.5689853896162191 0
1692944759895 1.5649849856020754 0
1692944759896 1.5610351793799275 0
1692944759897 1.5571241089732077 0
1692944759898 1.5534090776143998 0
1692944759899 1.5501420545809461 0
1692944759900 1.5465312363256214 0
1692944759900 1.5431237528418198 0
1692944759901 1.5393293303381161 0
1692944759902 1.5356519472729508 0
1692944759903 1.5322043198920863 0
1692944759904 1.5284155556099002 0
1692944759904 1.5249912822077856 0
1692944759905 1.5217803516492305 0
1692944759906 1.5182665868375074 0
1692944759907 1.5148255142919311 0
1692944759908 1.5113993872402924 0
1692944759908 1.507950986219162 0
1692944759909 1.5047899550717654 0
1692944759910 1.501580739975097 0
1692944759911 1.498675404351889 0
1692944759912 1.4955281512747696 0
1692944759912 1.4924855549618758 0
1692944759913 1.489500268451583 0
1692944759914 1.4866211825453828 0
1692944759915 1.4837240438361585 0
1692944759916 1.4809346334579183 0
1692944759916 1.4780118461537552 0
1692944759917 1.4751861952492182 0
1692944759918 1.4725248940261473 0
1692944759919 1.4699300049269761 0
1692944759920 1.467219639998153 0
1692944759920 1.4648960238983544 0
1692944759921 1.4623598449802615 0
1692944759922 1.45968280612185 0
1692944759923 1.4571568457713682 0
1692944759924 1.4549627925822177 0
1692944759925 1.452528928221494 0
1692944759926 1.4500952656226638 0
1692944759927 1.4475802172257857 0
1692944759928 1.4448839681131254 0
1692944759928 1.4427144641848408 0
1692944759929 1.4403432272481442 0
1692944759930 1.4384808871880452 0
1692944759931 1.4362952308566994 0
1692944759932 1.4342183972533067 0
1692944759932 1.4321144090922853 0
1692944759933 1.4301895309076285 0
