1692944773770 1.8903307897060617 0
1692944773771 1.8796887850795194 0
1692944773773 1.8707948732489563 0
1692944773774 1.8609443043195457 0
1692944773776 1.850566374483228 0
1692944773777 1.8408036521548248 0
1692944773778 1.8317349983670608 0
1692944773779 1.8221929214082002 0
1692944773781 1.8134924946965851 0
1692944773783 1.8044087769130008 0
1692944773785 1.7956680081131668 0
1692944773786 1.7868296960032237 0
1692944773788 1.7792307932894507 0
1692944773789 1.7706808665800595 0
1692944773790 1.7619722152597517 0
1692944773791 1.753076347772501 0
1692944773792 1.7449018404715133 0
1692944773793 1.7370076704079103 0
1692944773794 1.7292353926213282 0
1692944773795 1.7223199559829245 0
1692944773796 1.7146888975408774 0
1692944773797 1.707286125406601 0
1692944773797 1.6994312695719458 0
1692944773798 1.6923859171821456 0
1692944773799 1.6855758080563965 0
1692944773800 1.677918401292864 0
1692944773801 1.6707523406334455 0
1692944773802 1.66336508639238 0
1692944773803 1.6566619538321277 0
1692944773804 1.6497682031633691 0
1692944773805 1.643068063477628 0
1692944773806 1.6362302069277477 0
1692944773806 1.629732298468067 0
1692944773807 1.6242161330547966 0
1692944773808 1.6181203557377586 0
1692944773809 1.6118249813229668 0
1692944773810 1.6057141989340904 0
1692944773811 1.5994166823143392 0
1692944773812 1.5937818296588573 0
1692944773813 1.5883169916761737 0
1692944773814 1.5826805573817744 0
1692944773814 1.577353778835583 0
1692944773815 1.5718740868362227 0
1692944773816 1.566656494231544 0
1692944773817 1.561239927032 0
1692944773818 1.5559822368788134 0
1692944773819 1.5508194081440583 0
1692944773820 1.5456564436966038 0
1692944773821 1.5406987412340563 0
1692944773822 1.5357265244423823 0
1692944773823 1.5310281957591194 0
1692944773823 1.5265992369186534 0
1692944773824 1.5219195822696088 0
1692944773825 1.517216571810668 0
1692944773826 1.5126257167036286 0
1692944773827 1.508147780190361 0
1692944773828 1.5040190736360997 0
1692944773829 1.4997531817078475 0
1692944773830 1.4958584564536268 0
1692944773831 1.4915545102601289 0
1692944773831 1.4874432297940674 0
1692944773832 1.4835555972560293 0
1692944773833 1.4796617463973343 0
1692944773834 1.4756249596237239 0
1692944773835 1.4717758391532558 0
1692944773836 1.4679878590400122 0
1692944773837 1.4644936823078982 0
1692944773838 1.4607636926520038 0
1692944773839 1.457084461216697 0
1692944773840 1.453577002532405 0
1692944773841 1.4500391524563971 0
1692944773842 1.446776199862017 0
1692944773843 1.44336412694078 0
1692944773844 1.4400290305147112 0
1692944773844 1.4368929011856786 0
1692944773845 1.4335864982902888 0
1692944773846 1.4303437439584845 0
1692944773847 1.4270534819582557 0
1692944773848 1.4238516545893225 0
1692944773849 1.4206642176661135 0
1692944773850 1.4174936593653 0
1692944773851 1.4145584977243582 0
1692944773852 1.4116293601030476 0
1692944773854 1.4086861029408213 0
1692944773855 1.4061534444684556 0
1692944773856 1.4035686740172928 0
1692944773857 1.4008211443364562 0
1692944773858 1.3981669507275378 0
1692944773860 1.3955190328226785 0
1692944773861 1.3927866884351499 0
1692944773862 1.3904553926244165 0
1692944773863 1.3879162219855046 0
1692944773865 1.3853874137543125 0
1692944773866 1.3828441475891904 0
1692944773867 1.3804667127926855 0
1692944773868 1.3780174157401672 0
1692944773869 1.37568419542251 0
1692944773871 1.3733922935848768 0
1692944773872 1.3710392168703391 0
1692944773873 1.3689497658680863 0
