1692944860465 1.8346459226034655 0
1692944860466 1.7755672790401924 0
1692944860467 1.7180844861690288 0
1692944860468 1.6705843310761022 0
1692944860469 1.6230617322681695 0
1692944860470 1.579499790565483 0
1692944860471 1.5400345507811581 0
1692944860472 1.5054796269246296 0
1692944860473 1.4737843943849749 0
1692944860474 1.4432255831688443 0
1692944860475 1.4163645175842292 0
1692944860476 1.3898822305476684 0
1692944860476 1.3659221042600784 0
1692944860477 1.3433851876189262 0
1692944860478 1.3233489406689878 0
1692944860479 1.304325301532841 0
1692944860480 1.287673003807426 0
1692944860481 1.2716612721115776 0
1692944860482 1.2575450864052318 0
1692944860483 1.2441216098035897 0
1692944860483 1.2318426650831165 0
1692944860484 1.2203191974292287 0
1692944860485 1.2097526089198414 0
1692944860486 1.1980266050328139 0
1692944860487 1.1881255935123571 0
1692944860488 1.177481527060311 0
1692944860488 1.1690181975564393 0
1692944860489 1.1604615176101971 0
1692944860490 1.1514464157981958 0
1692944860491 1.1432004383018328 0
1692944860492 1.1364704098495535 0
1692944860493 1.1301925592888136 0
1692944860494 1.1247065030749004 0
1692944860495 1.1175759948832715 0
1692944860495 1.111654112786177 0
1692944860496 1.1063331302422437 0
1692944860497 1.1011733968620043 0
1692944860498 1.0955155356065018 0
1692944860499 1.0904844459288 0
1692944860500 1.0859952663063488 0
1692944860501 1.0808296977113314 0
1692944860502 1.0761403188089347 0
1692944860502 1.0725979375193893 0
1692944860503 1.0672982780718279 0
1692944860504 1.0632691443780955 0
1692944860505 1.059086773883006 0
1692944860506 1.0558947587940566 0
1692944860507 1.0526997268407048 0
1692944860508 1.0483995751228155 0
1692944860508 1.045010296017541 0
1692944860509 1.0409249116889454 0
1692944860510 1.0374382994409799 0
1692944860511 1.0343142822616829 0
1692944860512 1.0320264793001461 0
1692944860513 1.0299367008924374 0
1692944860514 1.026340564507142 0
1692944860515 1.0230243061466358 0
1692944860516 1.0204873972379362 0
1692944860516 1.0172603348588767 0
1692944860517 1.014285655657833 0
1692944860518 1.0116995267125442 0
1692944860519 1.0087644505607365 0
1692944860520 1.0056603438904963 0
1692944860521 1.002743440464642 0
1692944860522 0.9996761054557592 0
1692944860522 0.9974345253026136 0
1692944860523 0.993688902298649 0
1692944860524 0.9908757058509634 0
1692944860525 0.9883832411096501 0
1692944860526 0.9858168120914076 0
1692944860528 0.9837475587996609 0
1692944860529 0.9826037678397941 0
1692944860530 0.9800784903733546 0
1692944860531 0.9779142688728487 0
1692944860532 0.9761139961257653 0
1692944860533 0.9741068299812649 0
1692944860534 0.9717623012897433 0
1692944860534 0.9697247354764489 0
1692944860536 0.967868096597353 0
1692944860537 0.965614295030196 0
1692944860538 0.9638495911685411 0
1692944860538 0.9622126145441703 0
1692944860539 0.9602816175925482 0
1692944860540 0.9583628428840506 0
1692944860541 0.9563058952900839 0
1692944860542 0.9539079438287588 0
1692944860543 0.9524575318906663 0
1692944860544 0.9486386307148431 0
1692944860544 0.9471935237733711 0
1692944860545 0.9448727236373042 0
1692944860546 0.9439655315636813 0
1692944860547 0.9417086654704829 0
1692944860548 0.9406655385942395 0
1692944860549 0.9397829591559053 0
1692944860550 0.938538322512099 0
1692944860551 0.9373592408443726 0
1692944860551 0.9363106198359963 0
1692944860552 0.934667968944622 0
1692944860553 0.9318016970880423 0
1692944860554 0.9311082206237598 0
