1692944870901 1.809979463693115 0
1692944870902 1.7347592217164052 0
1692944870903 1.666414373547404 0
1692944870904 1.614060792419813 0
1692944870905 1.5657381735785614 0
1692944870906 1.5254717880524842 0
1692944870907 1.4902285201464944 0
1692944870908 1.4590089659706804 0
1692944870909 1.4350804586062744 0
1692944870910 1.4136535908159513 0
1692944870911 1.395768654226888 0
1692944870912 1.3786343211434555 0
1692944870913 1.363662967281931 0
1692944870913 1.3494608716143264 0
1692944870914 1.3381104557994672 0
1692944870915 1.326354208015364 0
1692944870916 1.316872727006034 0
1692944870917 1.3088714682969707 0
1692944870918 1.3008895391409996 0
1692944870919 1.294305362945232 0
1692944870920 1.2873138556620767 0
1692944870920 1.279903644280828 0
1692944870921 1.2737353554985753 0
1692944870922 1.2694327693001153 0
1692944870923 1.2647192766507152 0
1692944870924 1.2611276892790921 0
1692944870925 1.2559461000955157 0
1692944870926 1.2512923761134662 0
1692944870927 1.2476700256263102 0
1692944870928 1.2433505539310785 0
1692944870929 1.2407017973445107 0
1692944870929 1.2371640494589708 0
1692944870930 1.2344170750126557 0
1692944870931 1.2309495011909082 0
1692944870932 1.2282875769242754 0
1692944870933 1.2255348621412934 0
1692944870934 1.222687231728048 0
1692944870935 1.2209736043851822 0
1692944870936 1.2184927631174804 0
1692944870936 1.2164652913927234 0
1692944870937 1.2146193649215793 0
1692944870938 1.2130954508526195 0
1692944870939 1.21145448221244 0
1692944870940 1.2102819433416683 0
1692944870941 1.208281571634213 0
1692944870942 1.2063780546639746 0
1692944870942 1.2048454568476465 0
1692944870943 1.2021716103318207 0
1692944870944 1.2008718503492095 0
1692944870945 1.1987699312563522 0
1692944870946 1.1968312071660063 0
1692944870947 1.1959634777579444 0
1692944870948 1.1942666420188837 0
1692944870948 1.1926704862600894 0
1692944870949 1.1916640409073285 0
1692944870950 1.1909399135321754 0
1692944870951 1.1898637261188603 0
1692944870952 1.1884513884083683 0
1692944870953 1.1870679491834577 0
1692944870954 1.1855156415481083 0
1692944870954 1.1844919299921757 0
1692944870955 1.1833634926656513 0
1692944870956 1.1821838499334405 0
1692944870957 1.1815655983284645 0
1692944870958 1.1805482656241657 0
1692944870959 1.1800691164670873 0
1692944870960 1.179074977312529 0
1692944870961 1.1774158271661896 0
1692944870961 1.1766165855175263 0
1692944870962 1.1762051282614685 0
1692944870963 1.175042798294413 0
1692944870964 1.1745327520135602 0
1692944870965 1.1740666992483684 0
1692944870966 1.1736174520989164 0
1692944870967 1.1725691444594648 0
1692944870968 1.1720420686504194 0
1692944870968 1.1710607384138572 0
1692944870969 1.1705237835256777 0
1692944870970 1.1693592540871207 0
1692944870971 1.1684691870506 0
1692944870972 1.167614119420177 0
1692944870973 1.1667733622938545 0
1692944870978 1.1654948398140386 0
1692944870979 1.16510244099122 0
1692944870980 1.1648393646812838 0
1692944870981 1.1645463306172392 0
1692944870982 1.1635483008858987 0
1692944870983 1.1633196669390193 0
1692944870984 1.1621411454646309 0
1692944870985 1.161276749143833 0
1692944870986 1.1602414320492376 0
1692944870987 1.1591980284858352 0
1692944870988 1.1589850075372716 0
1692944870989 1.1584525917901305 0
1692944870989 1.1576494359508918 0
1692944870990 1.157332502174091 0
1692944870991 1.1563065111369248 0
1692944870992 1.1553664121680944 0
1692944870993 1.1551671200697855 0
1692944870994 1.1541987723656655 0
