1692944864325 1.836131186246369 0
1692944864326 1.7769628453448334 0
1692944864327 1.7235981831061131 0
1692944864328 1.6710560726381172 0
1692944864329 1.6228552181279088 0
1692944864330 1.5828168596606915 0
1692944864331 1.546512949816612 0
1692944864332 1.511755614458877 0
1692944864333 1.4777973483245088 0
1692944864334 1.4477371364555918 0
1692944864335 1.419853412008792 0
1692944864336 1.3937359603847037 0
1692944864337 1.3695593356627083 0
1692944864337 1.3478493035879118 0
1692944864338 1.3283898364776825 0
1692944864339 1.309720937125491 0
1692944864340 1.2926483611018122 0
1692944864341 1.27571987264851 0
1692944864342 1.2600081175656448 0
1692944864343 1.2461648501301394 0
1692944864344 1.2333425579879644 0
1692944864344 1.2215057070428188 0
1692944864345 1.210814023908421 0
1692944864346 1.2007869762745484 0
1692944864347 1.1907723399754764 0
1692944864348 1.1812356422228718 0
1692944864349 1.1722031126151864 0
1692944864350 1.1640145438699876 0
1692944864351 1.155002599781006 0
1692944864351 1.1469314721147057 0
1692944864352 1.1396941370285572 0
1692944864353 1.1332115690824527 0
1692944864354 1.1264867371464828 0
1692944864355 1.1203295756999208 0
1692944864356 1.1151231570765572 0
1692944864357 1.1099816427287186 0
1692944864357 1.1045691109997593 0
1692944864358 1.0986191039341249 0
1692944864359 1.0941852436991302 0
1692944864360 1.0887398322075708 0
1692944864361 1.0847582094344141 0
1692944864362 1.081331005098121 0
1692944864363 1.0761791261541294 0
1692944864363 1.0731326252352742 0
1692944864364 1.068456751403235 0
1692944864365 1.0647302565410783 0
1692944864366 1.061369247554458 0
1692944864367 1.0568439100074654 0
1692944864368 1.0529515993413048 0
1692944864369 1.0498811166111954 0
1692944864370 1.0463037061781622 0
1692944864370 1.0426959182647193 0
1692944864371 1.0399762977272797 0
1692944864372 1.0370026717089915 0
1692944864373 1.0333698648155516 0
1692944864374 1.0299756554854111 0
1692944864375 1.0264193298367295 0
1692944864376 1.023294752195695 0
1692944864376 1.019578967348249 0
1692944864377 1.0169085954879375 0
1692944864378 1.0141115565712029 0
1692944864379 1.0104374141962673 0
1692944864380 1.0074991251660579 0
1692944864381 1.0059339498460227 0
1692944864382 1.003270537482463 0
1692944864382 1.0004611084443569 0
1692944864383 0.9987064925968551 0
1692944864384 0.9959875774684872 0
1692944864385 0.9943008826682647 0
1692944864386 0.9911262583545487 0
1692944864387 0.9897342303959292 0
1692944864388 0.9879322665830752 0
1692944864389 0.9850249538127708 0
1692944864390 0.9825193329514971 0
1692944864390 0.9802391664860668 0
1692944864391 0.9783226026673643 0
1692944864392 0.9765795240470225 0
1692944864393 0.9745786370647338 0
1692944864394 0.9734721477810769 0
1692944864395 0.9710624683563305 0
1692944864396 0.9693549121489693 0
1692944864397 0.9682759538250777 0
1692944864398 0.9666505054017827 0
1692944864399 0.9649177096016504 0
1692944864400 0.9625331052085749 0
1692944864401 0.9609306101646387 0
1692944864402 0.9593709660660532 0
1692944864403 0.956526234221236 0
1692944864404 0.9558075560677685 0
1692944864405 0.9533805291226051 0
1692944864405 0.9525335238829841 0
1692944864406 0.9517502654374135 0
1692944864407 0.9502659790326364 0
1692944864408 0.9482973121270927 0
1692944864409 0.9463859863507448 0
1692944864410 0.9457845335388309 0
1692944864411 0.9444805292894511 0
1692944864411 0.9426666932848492 0
1692944864412 0.9405854883104917 0
1692944864413 0.9390613439857339 0
