1692944856688 1.834942304220978 0
1692944856689 1.7753658010215738 0
1692944856690 1.7206075313552787 0
1692944856691 1.6714385310798878 0
1692944856692 1.6259166900641533 0
1692944856693 1.5843891288555987 0
1692944856694 1.544347666856226 0
1692944856695 1.5068769777023774 0
1692944856696 1.4736206474042997 0
1692944856697 1.4419502906905428 0
1692944856698 1.413485234424024 0
1692944856699 1.3879794751402013 0
1692944856699 1.3641635425996734 0
1692944856700 1.3430497164494375 0
1692944856701 1.3229692127788812 0
1692944856702 1.304392391522988 0
1692944856703 1.2881851208380817 0
1692944856704 1.2725371192305077 0
1692944856705 1.257368466079596 0
1692944856705 1.241963311928912 0
1692944856706 1.2299470969813466 0
1692944856707 1.217834904569819 0
1692944856708 1.2066373963356019 0
1692944856709 1.1958868920707935 0
1692944856710 1.1856440283269443 0
1692944856711 1.1759321358461108 0
1692944856712 1.1674821442382342 0
1692944856712 1.1592233896162896 0
1692944856713 1.1509332566770252 0
1692944856714 1.1440148123395948 0
1692944856715 1.1366730564157523 0
1692944856716 1.1306009240392447 0
1692944856717 1.1237245679889427 0
1692944856718 1.117983176938816 0
1692944856718 1.1128892138868425 0
1692944856719 1.1064995579539345 0
1692944856720 1.1013715410454 0
1692944856721 1.0958382029175742 0
1692944856722 1.0918784309877512 0
1692944856723 1.085617746820417 0
1692944856724 1.0806167920223064 0
1692944856724 1.075699340380067 0
1692944856725 1.0708957800967263 0
1692944856726 1.065936946108608 0
1692944856727 1.0617949097133608 0
1692944856728 1.0580725458015685 0
1692944856729 1.0526910716445281 0
1692944856730 1.0491375233924676 0
1692944856730 1.0466856761162349 0
1692944856731 1.0432914471748924 0
1692944856732 1.03929994905358 0
1692944856733 1.0352015030175228 0
1692944856734 1.031053519655452 0
1692944856735 1.0279316382165282 0
1692944856736 1.0246560944590235 0
1692944856736 1.0200514158543368 0
1692944856737 1.0178525195218515 0
1692944856738 1.0139535070637464 0
1692944856739 1.010188780306199 0
1692944856740 1.0080631455072369 0
1692944856741 1.0050564026428295 0
1692944856742 1.0015734117752595 0
1692944856742 0.9991589842201135 0
1692944856743 0.9976161966912913 0
1692944856744 0.9947946856201475 0
1692944856745 0.9927931076146534 0
1692944856746 0.991082794796728 0
1692944856747 0.9885535845621555 0
1692944856747 0.9859062371175391 0
1692944856748 0.9840590734103529 0
1692944856749 0.9815279510775929 0
1692944856750 0.9793533473217558 0
1692944856751 0.9781334709670658 0
1692944856752 0.9749401126499803 0
1692944856753 0.9725115019807161 0
1692944856753 0.9700783162617637 0
1692944856754 0.9675635920378869 0
1692944856755 0.9646377366074086 0
1692944856756 0.9619829896783286 0
1692944856757 0.9593075509823048 0
1692944856758 0.9577767764798918 0
1692944856759 0.9553364511823721 0
1692944856760 0.9538276581648345 0
1692944856761 0.9523864003913033 0
1692944856762 0.9509332041210254 0
1692944856763 0.9494372285692289 0
1692944856764 0.9470201237209218 0
1692944856764 0.9459033253823604 0
1692944856765 0.9431003129279427 0
1692944856766 0.9412724252366991 0
1692944856767 0.93857767262489 0
1692944856768 0.9374690956214264 0
1692944856769 0.9345999110935377 0
1692944856769 0.932149206286422 0
1692944856770 0.9310386500713669 0
1692944856771 0.9292762684230514 0
1692944856772 0.9277145525344941 0
1692944856773 0.9259220311332154 0
1692944856774 0.9245190955665978 0
1692944856775 0.9235441149283843 0
