1692944829626 1.8478775355570556 0
1692944829628 1.7988599609398628 0
1692944829629 1.7564000104997362 0
1692944829630 1.716273011064181 0
1692944829632 1.6774144154307675 0
1692944829633 1.6418959638131534 0
1692944829635 1.6084638426797224 0
1692944829636 1.5788311910768078 0
1692944829637 1.5514289314104377 0
1692944829638 1.5267839935147516 0
1692944829639 1.5025370795619568 0
1692944829640 1.4814813327220029 0
1692944829642 1.4616791664091142 0
1692944829643 1.4434745527654136 0
1692944829644 1.4269749974576191 0
1692944829645 1.4116800467955495 0
1692944829647 1.3971603005043745 0
1692944829648 1.383754522334217 0
1692944829649 1.372034385825897 0
1692944829650 1.36144134651167 0
1692944829652 1.3506111559465093 0
1692944829653 1.3411391267214652 0
1692944829655 1.3320276847103236 0
1692944829656 1.3236683101475997 0
1692944829657 1.3157240636245853 0
1692944829659 1.307996556726888 0
1692944829660 1.3007551425323236 0
1692944829661 1.294008225809433 0
1692944829663 1.2875610574035772 0
1692944829664 1.2816593368613516 0
1692944829665 1.2759776914094985 0
1692944829667 1.270628748676048 0
1692944829668 1.2657570155858082 0
1692944829670 1.2607819571966272 0
1692944829671 1.2563234737374314 0
1692944829672 1.2514704819218807 0
1692944829674 1.2480221354299923 0
1692944829675 1.2435796509863286 0
1692944829677 1.2396799581375348 0
1692944829678 1.2362242691679954 0
1692944829679 1.23281508798627 0
1692944829681 1.2298323041138859 0
1692944829682 1.2267634904507474 0
1692944829683 1.2238997898893196 0
1692944829684 1.2211993788998572 0
1692944829686 1.2177758656245294 0
1692944829687 1.2144451409501777 0
1692944829688 1.211596160578641 0
1692944829689 1.2097336480156498 0
1692944829691 1.2066615816916637 0
1692944829692 1.2043484778524125 0
1692944829693 1.2017916665937733 0
1692944829695 1.199290726807898 0
1692944829697 1.1968720319693826 0
1692944829698 1.193940349231798 0
1692944829699 1.1922759774594438 0
1692944829700 1.1897086914722088 0
1692944829702 1.1873238857881117 0
1692944829703 1.1859841156632553 0
1692944829704 1.1836164445297233 0
1692944829705 1.1818215845722402 0
1692944829706 1.1805143419646924 0
1692944829707 1.179061123286265 0
1692944829709 1.1778196037664403 0
1692944829710 1.1767522141160638 0
1692944829711 1.175292779651443 0
1692944829713 1.1735410307630765 0
1692944829714 1.1722138330886955 0
1692944829718 1.1711719551764768 0
1692944829719 1.1691402949120946 0
1692944829720 1.168240532164894 0
1692944829721 1.1661443125768785 0
1692944829723 1.164276737712125 0
1692944829723 1.162279588436209 0
1692944829724 1.1606168454517996 0
1692944829725 1.1590663001741164 0
1692944829726 1.1578238570691863 0
1692944829727 1.156797137584995 0
1692944829728 1.155730039610556 0
1692944829729 1.154465315310415 0
1692944829730 1.1533978140516135 0
1692944829731 1.1520805713067466 0
1692944829732 1.1512987356994078 0
1692944829732 1.1501117589302414 0
1692944829733 1.1485835569813474 0
1692944829734 1.1473000882821247 0
1692944829735 1.1464351735406448 0
1692944829736 1.1454833776386455 0
1692944829737 1.1440481443665993 0
1692944829738 1.1434492810305237 0
1692944829739 1.14308155560553 0
1692944829740 1.142371550266618 0
1692944829740 1.1415963087315424 0
1692944829741 1.14110682919169 0
1692944829742 1.140256844863251 0
1692944829743 1.1391309936099443 0
1692944829744 1.1388339273927208 0
1692944829745 1.1379925614290975 0
1692944829746 1.137448238707985 0
1692944829747 1.1371633651055038 0
