1692944797954 1.8867813574833823 0
1692944797955 1.873692499808079 0
1692944797956 1.8606909308486288 0
1692944797957 1.847411250359127 0
1692944797958 1.8350337667416607 0
1692944797959 1.8228717181308365 0
1692944797960 1.8108852488940435 0
1692944797961 1.7991470503729108 0
1692944797962 1.7876885589550735 0
1692944797963 1.776469011000222 0
1692944797964 1.7653437164272907 0
1692944797965 1.7545414686144867 0
1692944797966 1.7438075234765285 0
1692944797967 1.7333038345121599 0
1692944797968 1.7229680080530845 0
1692944797969 1.7127882722297771 0
1692944797970 1.7027110472824831 0
1692944797971 1.6928853128451506 0
1692944797971 1.6832520604449552 0
1692944797972 1.6738130183574746 0
1692944797973 1.6643863676229171 0
1692944797974 1.6553445057685074 0
1692944797975 1.6462155814356958 0
1692944797976 1.6374895160050527 0
1692944797977 1.628769120741766 0
1692944797978 1.6203371141903806 0
1692944797978 1.6119729260347821 0
1692944797979 1.6037910756715366 0
1692944797980 1.595185429007286 0
1692944797981 1.5867940994806249 0
1692944797982 1.578415580355284 0
1692944797983 1.5701740477442578 0
1692944797984 1.562188978611005 0
1692944797985 1.554313991673865 0
1692944797986 1.5465437627563026 0
1692944797987 1.5387700999570468 0
1692944797988 1.531411789380798 0
1692944797988 1.5240492983072897 0
1692944797989 1.516962612118701 0
1692944797990 1.5098149235937737 0
1692944797991 1.5027309029618496 0
1692944797992 1.49603303239402 0
1692944797993 1.4894438958283198 0
1692944797994 1.4828453066527831 0
1692944797995 1.4763386850417706 0
1692944797996 1.4701766722011227 0
1692944797997 1.4639296037294005 0
1692944797998 1.45793039214157 0
1692944797999 1.4517656218238977 0
1692944797999 1.4459057026059408 0
1692944798001 1.440252937426396 0
1692944798001 1.4344562087660837 0
1692944798002 1.4289514735916289 0
1692944798003 1.4234540670793714 0
1692944798004 1.4181034620180348 0
1692944798005 1.4127944511537724 0
1692944798006 1.4076160294488165 0
1692944798007 1.4024872064564733 0
1692944798008 1.3974808202094597 0
1692944798008 1.3924740488080383 0
1692944798009 1.3875302248526644 0
1692944798010 1.3828116988481713 0
1692944798011 1.378098380953618 0
1692944798012 1.373409552889537 0
1692944798013 1.3688490249939256 0
1692944798014 1.3643734507235383 0
1692944798015 1.3600692334489448 0
1692944798016 1.3557534924142947 0
1692944798018 1.3515401157463094 0
1692944798019 1.347365060501038 0
1692944798020 1.3432676549521256 0
1692944798021 1.3392413816529862 0
1692944798022 1.3353414970774984 0
1692944798023 1.331451937981437 0
1692944798024 1.3276748382134573 0
1692944798025 1.3237925040510197 0
1692944798026 1.3201773811837614 0
1692944798027 1.316575663269058 0
1692944798027 1.3128696358709866 0
1692944798028 1.3092795539182294 0
1692944798029 1.305878691991421 0
1692944798030 1.302207752240532 0
1692944798031 1.2986698148892284 0
1692944798031 1.2953261460514676 0
1692944798032 1.2920078629699332 0
1692944798033 1.2888167880651886 0
1692944798034 1.285629221623687 0
1692944798035 1.2823652622310517 0
1692944798036 1.2793475945519515 0
1692944798036 1.2763810477898536 0
1692944798037 1.2734675463293401 0
1692944798038 1.2703593555843689 0
1692944798039 1.267548617778528 0
1692944798040 1.2647098821092693 0
1692944798041 1.261752469341736 0
1692944798041 1.2588355606109354 0
1692944798042 1.2560307970439837 0
1692944798043 1.253197745994446 0
1692944798044 1.250565118559639 0
1692944798047 1.247790539961853 0
