1692944852677 1.8349931879087686 0
1692944852678 1.774825631124154 0
1692944852679 1.7201024343572069 0
1692944852680 1.6706138415337521 0
1692944852681 1.6250787721579214 0
1692944852683 1.5804260877476874 0
1692944852684 1.540087678088635 0
1692944852685 1.5032374345972372 0
1692944852686 1.470230741815273 0
1692944852687 1.439931179593413 0
1692944852688 1.4118211979454178 0
1692944852690 1.3861420229942942 0
1692944852691 1.3631454247909893 0
1692944852692 1.342008549270557 0
1692944852693 1.3227373272987732 0
1692944852694 1.3047028072042466 0
1692944852695 1.2874733693176559 0
1692944852697 1.271076191850138 0
1692944852698 1.2566525735084981 0
1692944852699 1.2432568691474217 0
1692944852700 1.2300210585474225 0
1692944852701 1.2174541984416742 0
1692944852702 1.2066994316665318 0
1692944852704 1.1970181658905188 0
1692944852705 1.187570355778042 0
1692944852706 1.1772591350081758 0
1692944852707 1.1682245892820229 0
1692944852708 1.1593805359710403 0
1692944852709 1.150116993156715 0
1692944852711 1.143084370828034 0
1692944852712 1.1360546807810876 0
1692944852713 1.1305427193946003 0
1692944852714 1.1233293381592984 0
1692944852716 1.117787809989996 0
1692944852717 1.110808761099295 0
1692944852718 1.1035124870692758 0
1692944852719 1.0978308798536345 0
1692944852720 1.093869482125306 0
1692944852721 1.0881798185885934 0
1692944852723 1.083162804365111 0
1692944852724 1.0784149164076928 0
1692944852725 1.0731808557737894 0
1692944852726 1.0692309713189458 0
1692944852727 1.0651779157504937 0
1692944852728 1.060304646626683 0
1692944852730 1.0548167003637223 0
1692944852731 1.0502545956783398 0
1692944852731 1.0468907238346874 0
1692944852732 1.0431939545947913 0
1692944852733 1.040329350225669 0
1692944852734 1.037275124126372 0
1692944852735 1.0328666458200584 0
1692944852736 1.0284436454371664 0
1692944852736 1.025508141850301 0
1692944852737 1.023194313324301 0
1692944852738 1.0198151861995464 0
1692944852739 1.0169857015161496 0
1692944852740 1.013710635640139 0
1692944852741 1.0109179529179713 0
1692944852742 1.007868040083035 0
1692944852742 1.0051771248691783 0
1692944852743 1.0024606225247619 0
1692944852744 0.9985229612888709 0
1692944852745 0.9958861099282614 0
1692944852746 0.9927069151732493 0
1692944852747 0.9897827921313814 0
1692944852748 0.9860798668004184 0
1692944852749 0.9837134087188601 0
1692944852750 0.9808250889377563 0
1692944852751 0.9782088262668734 0
1692944852752 0.9756566226761421 0
1692944852753 0.9736734208153114 0
1692944852753 0.9707262842148678 0
1692944852754 0.9686490439924087 0
1692944852755 0.9676163736249536 0
1692944852756 0.9650421353110361 0
1692944852757 0.9639950177028961 0
1692944852758 0.9618841998312572 0
1692944852759 0.9602348556449578 0
1692944852761 0.958162767798973 0
1692944852762 0.9561380999878945 0
1692944852763 0.9543932732874234 0
1692944852764 0.9526200150661701 0
1692944852765 0.9517257584528095 0
1692944852766 0.9496757961997245 0
1692944852767 0.9478637945369993 0
1692944852768 0.9468663737585492 0
1692944852769 0.9459640937602836 0
1692944852770 0.9439679733839023 0
1692944852771 0.9430991114608266 0
1692944852772 0.9409961259863604 0
1692944852773 0.9400785931226565 0
1692944852774 0.9391426809789545 0
1692944852775 0.937667882771458 0
1692944852776 0.93544372378831 0
1692944852777 0.9331929852264551 0
1692944852777 0.9325711588429353 0
1692944852779 0.931171888479691 0
1692944852780 0.9297555136220399 0
1692944852781 0.9290888023039456 0
