1692944848307 1.8424481699180137 0
1692944848308 1.7893000109098285 0
1692944848309 1.7395291947918246 0
1692944848310 1.6918909359826952 0
1692944848311 1.6515884305575628 0
1692944848311 1.6144930131239354 0
1692944848312 1.5810682549178512 0
1692944848313 1.5478494839460146 0
1692944848314 1.520604687817628 0
1692944848316 1.4930893546312796 0
1692944848316 1.4667880946581182 0
1692944848317 1.445192193519361 0
1692944848318 1.426506265819256 0
1692944848319 1.4057254247175597 0
1692944848320 1.386564283342522 0
1692944848321 1.3695974704074192 0
1692944848322 1.3539665915656378 0
1692944848322 1.340309213824559 0
1692944848323 1.3263883671113348 0
1692944848324 1.3133463009502224 0
1692944848325 1.3015506061032438 0
1692944848326 1.290899363375262 0
1692944848327 1.280141006851307 0
1692944848328 1.270726851155351 0
1692944848328 1.2622070752759138 0
1692944848329 1.2534438919342428 0
1692944848330 1.245486463270685 0
1692944848331 1.2381262452157973 0
1692944848333 1.231008310579036 0
1692944848334 1.2246426992044581 0
1692944848335 1.2180662204577237 0
1692944848336 1.212727214517794 0
1692944848337 1.2071379575337275 0
1692944848337 1.202340187342288 0
1692944848338 1.196833191492471 0
1692944848339 1.1925620262151446 0
1692944848340 1.1885754224910687 0
1692944848341 1.1844680896229738 0
1692944848342 1.1809064391888924 0
1692944848343 1.1769298900074854 0
1692944848343 1.173330058406802 0
1692944848344 1.1701787937186712 0
1692944848345 1.1667782802665196 0
1692944848346 1.1626996653831525 0
1692944848347 1.1590976468145797 0
1692944848348 1.1545747982682828 0
1692944848349 1.1510891192468733 0
1692944848350 1.1484823318809314 0
1692944848351 1.1447764746466962 0
1692944848351 1.1423499313149352 0
1692944848352 1.1390987254546205 0
1692944848353 1.137054205600135 0
1692944848354 1.1342011254554198 0
1692944848355 1.1314989795281036 0
1692944848356 1.128631823950997 0
1692944848357 1.1262632772889178 0
1692944848357 1.1241105145931194 0
1692944848358 1.121831333113391 0
1692944848359 1.1202940390813791 0
1692944848360 1.1184602380413278 0
1692944848361 1.1161967620432298 0
1692944848362 1.115053905042223 0
1692944848363 1.1129657795169317 0
1692944848363 1.1109616669855422 0
1692944848364 1.1096491148357441 0
1692944848365 1.1077886625478277 0
1692944848366 1.1062613110180661 0
1692944848367 1.1044287489413682 0
1692944848368 1.1021299456500235 0
1692944848369 1.0999437233689704 0
1692944848369 1.0981096375644608 0
1692944848370 1.0964593969793095 0
1692944848371 1.094137209157439 0
1692944848372 1.0927265760184823 0
1692944848373 1.0918082159320521 0
1692944848374 1.0910029284457556 0
1692944848375 1.0887742285704705 0
1692944848375 1.0873309555689459 0
1692944848376 1.0860894967237218 0
1692944848377 1.0844284982734718 0
1692944848378 1.0834976571154042 0
1692944848379 1.0821516635034178 0
1692944848380 1.0807361975291714 0
1692944848381 1.0795558630357474 0
1692944848382 1.0783078019916381 0
1692944848383 1.076528833584563 0
1692944848384 1.0753774121538575 0
1692944848385 1.0742088303690764 0
1692944848386 1.0726604145520087 0
1692944848387 1.0713725947054409 0
1692944848388 1.0702045491164416 0
1692944848388 1.0683752093967036 0
1692944848389 1.06709219175341 0
1692944848390 1.0657769384234863 0
1692944848391 1.0648778524108298 0
1692944848392 1.0629586783762337 0
1692944848393 1.0621662576310038 0
1692944848394 1.0613699360055306 0
1692944848395 1.059487339709838 0
1692944848396 1.0583892386095102 0
