1692944815698 1.8547362080076275 0
1692944815699 1.8119201619936396 0
1692944815700 1.7778720862038218 0
1692944815701 1.7471436978035109 0
1692944815702 1.7107873737114725 0
1692944815703 1.6783348177642308 0
1692944815703 1.64912134211458 0
1692944815704 1.628288712979871 0
1692944815706 1.6034368581696625 0
1692944815707 1.5829808982467353 0
1692944815707 1.5616214293823665 0
1692944815708 1.542110946773619 0
1692944815709 1.5237699078109173 0
1692944815710 1.5070629771610324 0
1692944815711 1.4907427381662373 0
1692944815712 1.4765370370247626 0
1692944815712 1.4627613003427682 0
1692944815713 1.4499422857338657 0
1692944815714 1.4383977863170552 0
1692944815715 1.4269213978395106 0
1692944815716 1.4152032964549661 0
1692944815717 1.404883572689722 0
1692944815717 1.395943183028958 0
1692944815718 1.3875763296869608 0
1692944815719 1.379376527154504 0
1692944815720 1.3723969505386182 0
1692944815721 1.3639764193563875 0
1692944815722 1.3571794917022137 0
1692944815722 1.3499439559699016 0
1692944815723 1.343402120611078 0
1692944815724 1.3374794314183376 0
1692944815725 1.3323507411722044 0
1692944815726 1.3267321524153182 0
1692944815727 1.321951019098473 0
1692944815727 1.3169658405339968 0
1692944815728 1.3124315382192808 0
1692944815729 1.3082492228640918 0
1692944815730 1.3040333581167205 0
1692944815731 1.3003691183297448 0
1692944815731 1.2964750876517543 0
1692944815732 1.2927235640744503 0
1692944815733 1.2893687688990807 0
1692944815734 1.2861021196638522 0
1692944815735 1.2832073765121756 0
1692944815736 1.2805094726949888 0
1692944815736 1.277838134553722 0
1692944815737 1.2743537206244495 0
1692944815738 1.2719335534832463 0
1692944815739 1.2692939030292372 0
1692944815740 1.26624414424723 0
1692944815741 1.263517998170921 0
1692944815742 1.261696687389895 0
1692944815743 1.2598590353474086 0
1692944815744 1.2574214084575108 0
1692944815745 1.255734114054554 0
1692944815746 1.2534894832565988 0
1692944815747 1.2517166865093612 0
1692944815747 1.2497904730292742 0
1692944815748 1.2479202223045749 0
1692944815749 1.246385876030206 0
1692944815750 1.2439310522005722 0
1692944815752 1.2422933204309765 0
1692944815753 1.2408801904736215 0
1692944815754 1.239642770854465 0
1692944815755 1.2379913755182113 0
1692944815756 1.2363422610260693 0
1692944815757 1.2345509422435006 0
1692944815757 1.2332554051664824 0
1692944815758 1.2321120111251695 0
1692944815759 1.2304019322625512 0
1692944815760 1.2293522012731628 0
1692944815761 1.228394347137331 0
1692944815762 1.226964216235046 0
1692944815762 1.225580236807965 0
1692944815763 1.2244003092159204 0
1692944815764 1.2232754006665414 0
1692944815765 1.2221552248251784 0
1692944815766 1.2209541229877248 0
1692944815767 1.2201320150429398 0
1692944815767 1.2193894260839502 0
1692944815768 1.2185526194149914 0
1692944815769 1.217420002028112 0
1692944815770 1.2165585080643047 0
1692944815771 1.2155304817234642 0
1692944815772 1.2144820527204414 0
1692944815773 1.2133402155850284 0
1692944815774 1.2122457902603063 0
1692944815775 1.2116929653426467 0
1692944815775 1.210632856468983 0
1692944815776 1.2094900024366149 0
1692944815777 1.208935944063503 0
1692944815778 1.2078495667501221 0
1692944815779 1.2068446599743508 0
1692944815780 1.2060664383450408 0
1692944815780 1.2055899371291927 0
1692944815781 1.204908071151942 0
1692944815782 1.2043279854764508 0
1692944815783 1.2032134384094852 0
1692944815784 1.2025231986629135 0
1692944815785 1.201623900700465 0
