1692944923599 1.7770354837960987 0
1692944923600 1.6706312113352308 0
1692944923601 1.585478585808476 0
1692944923602 1.5127233106502649 0
1692944923603 1.4484309661123516 0
1692944923604 1.3956710879003313 0
1692944923605 1.350431583513189 0
1692944923606 1.3118258396523341 0
1692944923607 1.2764301014771808 0
1692944923608 1.2454984939793339 0
1692944923609 1.221270455065603 0
1692944923610 1.1986537688071102 0
1692944923611 1.1810092146664122 0
1692944923612 1.1643141621761968 0
1692944923613 1.1465980123718906 0
1692944923615 1.1325293196346642 0
1692944923616 1.1196900658621596 0
1692944923617 1.1077631287339622 0
1692944923617 1.0985896548325669 0
1692944923618 1.087738666692427 0
1692944923619 1.077770680275163 0
1692944923620 1.068245017692117 0
1692944923621 1.0588337636804126 0
1692944923622 1.0517475702151313 0
1692944923623 1.0428698987870564 0
1692944923624 1.036834197522491 0
1692944923625 1.0316455772086501 0
1692944923625 1.0271167742486718 0
1692944923626 1.0229214363895216 0
1692944923627 1.016670053700251 0
1692944923628 1.0106276456605205 0
1692944923629 1.0062065663120312 0
1692944923630 1.002155874590874 0
1692944923631 0.9980522761871619 0
1692944923632 0.993447477221794 0
1692944923633 0.9876684016907863 0
1692944923634 0.9840593504625885 0
1692944923635 0.9783260213519615 0
1692944923635 0.9748660553284613 0
1692944923636 0.9710558128403198 0
1692944923637 0.9687453267072242 0
1692944923638 0.9638745034581905 0
1692944923639 0.9596874671258879 0
1692944923640 0.9581450505482269 0
1692944923641 0.9529238553474902 0
1692944923642 0.9473684796544858 0
1692944923643 0.9461197332669707 0
1692944923644 0.94430392848649 0
1692944923644 0.9398550836886366 0
1692944923645 0.9366496877660834 0
1692944923646 0.9347094566783548 0
1692944923647 0.9307707857794842 0
1692944923648 0.9299075167723638 0
1692944923649 0.9291241528123318 0
1692944923650 0.9247642121384809 0
1692944923651 0.9213051955955859 0
1692944923652 0.9180740453816789 0
1692944923653 0.9163059740676203 0
1692944923653 0.9140317480676609 0
1692944923654 0.9101234242017766 0
1692944923655 0.9074803897858227 0
1692944923656 0.9049764356630351 0
1692944923657 0.9028858801484888 0
1692944923658 0.9016988616211591 0
1692944923659 0.9013300668633617 0
1692944923660 0.8992554500176583 0
1692944923661 0.8948325760509611 0
1692944923662 0.8929589421619235 0
1692944923663 0.8897473688337709 0
1692944923664 0.8854581282501863 0
1692944923665 0.88243308892744 0
1692944923666 0.8788486546232116 0
1692944923667 0.875010911310448 0
1692944923669 0.8714654455934651 0
1692944923670 0.8711792060242759 0
1692944923671 0.8698428769526855 0
1692944923672 0.8665653962110346 0
1692944923673 0.8635987042618734 0
1692944923675 0.8604695177635477 0
1692944923676 0.8568350412070251 0
1692944923677 0.8556823192768997 0
1692944923678 0.8535175090148399 0
1692944923680 0.8517530163265872 0
1692944923681 0.8507083831210772 0
1692944923682 0.8476350113236756 0
1692944923683 0.8446374906916043 0
1692944923685 0.8429829527658573 0
1692944923686 0.8420434044502798 0
1692944923687 0.8418015105701463 0
1692944923688 0.8415224962689358 0
1692944923689 0.8397006337254884 0
1692944923690 0.8395407399763811 0
1692944923691 0.8363909229778074 0
1692944923692 0.8328433705291501 0
1692944923693 0.8303120615001723 0
1692944923694 0.8282624185749164 0
1692944923695 0.8254663236313013 0
1692944923696 0.8222094798720655 0
1692944923697 0.8215793387308132 0
1692944923697 0.8201743395300516 0
