1692944891813 1.7949615384019046 0
1692944891815 1.7183422600502156 0
1692944891816 1.6443198835125916 0
1692944891817 1.5856802961482541 0
1692944891818 1.5364676793356091 0
1692944891819 1.4899943373904143 0
1692944891820 1.4517174089478826 0
1692944891821 1.420550320345287 0
1692944891822 1.3922276955093031 0
1692944891823 1.3676829115794027 0
1692944891824 1.3467107591205951 0
1692944891825 1.3283318687324361 0
1692944891826 1.3119312717664375 0
1692944891827 1.2980481489604567 0
1692944891828 1.2855010273658602 0
1692944891829 1.2735641950117016 0
1692944891830 1.2636421411414116 0
1692944891831 1.255748504303248 0
1692944891832 1.2466090598368171 0
1692944891833 1.23879027442346 0
1692944891834 1.2314563547372943 0
1692944891835 1.2241728599463042 0
1692944891836 1.2177687910313635 0
1692944891836 1.2124691298876853 0
1692944891837 1.2077533692150306 0
1692944891838 1.2033039951319207 0
1692944891839 1.1987364438854802 0
1692944891840 1.1946511280758558 0
1692944891841 1.191297604902262 0
1692944891842 1.1884805852658966 0
1692944891843 1.1837856916119351 0
1692944891843 1.1810799830948122 0
1692944891844 1.1773005156268637 0
1692944891845 1.1748123985213683 0
1692944891846 1.1721404300907088 0
1692944891847 1.1688812007263825 0
1692944891848 1.1667499778500539 0
1692944891849 1.1640104267214175 0
1692944891850 1.1617292717099141 0
1692944891851 1.1591232848578337 0
1692944891851 1.1565909313345333 0
1692944891852 1.1551011598389844 0
1692944891853 1.1534543790203906 0
1692944891854 1.1511477839930075 0
1692944891855 1.149179153422837 0
1692944891856 1.1476706723746897 0
1692944891857 1.1459427148177217 0
1692944891858 1.1438312357259095 0
1692944891858 1.1418613350392703 0
1692944891859 1.1397990737761092 0
1692944891860 1.138219036594876 0
1692944891861 1.1366577557539506 0
1692944891862 1.1348724837410442 0
1692944891863 1.1341913455854151 0
1692944891864 1.1325100107407622 0
1692944891865 1.129413121532397 0
1692944891866 1.128828627137216 0
1692944891867 1.1264904560977775 0
1692944891868 1.1253121231269143 0
1692944891869 1.1239282091437501 0
1692944891871 1.123495789125295 0
1692944891872 1.1230482603895706 0
1692944891873 1.1227401188506452 0
1692944891874 1.1218893655520237 0
1692944891876 1.1200651838728466 0
1692944891877 1.1194069809534881 0
1692944891878 1.1190317986294398 0
1692944891879 1.1174039370679363 0
1692944891882 1.115353855823661 0
1692944891883 1.1151862868948357 0
1692944891885 1.1137129270755048 0
1692944891886 1.1119104682247647 0
1692944891888 1.1082095652120334 0
1692944891889 1.1062480789412534 0
1692944891890 1.103650189569166 0
1692944891891 1.1031516658935627 0
1692944891893 1.1022636305979279 0
1692944891894 1.1003702828441921 0
1692944891896 1.0995268008201884 0
1692944891897 1.0986498725915503 0
1692944891899 1.097770866228035 0
1692944891900 1.0971649742471365 0
1692944891900 1.0958139450883546 0
1692944891901 1.0947257498911054 0
1692944891902 1.0933542379303889 0
1692944891903 1.0913793709293176 0
1692944891904 1.0901269252745944 0
1692944891905 1.0896752650657828 0
1692944891906 1.0879059719718016 0
1692944891907 1.0864384640473945 0
1692944891907 1.0854190087128066 0
1692944891908 1.0839980308776 0
1692944891909 1.0834437544632265 0
1692944891910 1.0828411612191773 0
1692944891911 1.081265268765868 0
1692944891912 1.080858760242365 0
1692944891913 1.0802269113489444 0
1692944891914 1.0791815457418303 0
1692944891915 1.0785770017159475 0
1692944891915 1.078042388899382 0
