1692944911552 1.7725874037408709 0
1692944911553 1.6671370336289584 0
1692944911554 1.5786430571574088 0
1692944911555 1.5060134875987636 0
1692944911556 1.4407352305290053 0
1692944911557 1.3863000031152675 0
1692944911558 1.338318167319701 0
1692944911559 1.2982733939242432 0
1692944911560 1.2625381361386878 0
1692944911561 1.2355876564886525 0
1692944911562 1.2114471488834995 0
1692944911563 1.189039701970785 0
1692944911564 1.1710198345710117 0
1692944911565 1.1534865852729053 0
1692944911566 1.1381256501107486 0
1692944911567 1.1234493551642157 0
1692944911568 1.1112319220158327 0
1692944911568 1.1006874428581541 0
1692944911569 1.089332270623563 0
1692944911571 1.0782212724546085 0
1692944911572 1.0706460459773146 0
1692944911573 1.0628724825197524 0
1692944911574 1.0541887376502401 0
1692944911575 1.0478152283541453 0
1692944911576 1.038845362608978 0
1692944911578 1.032396552154671 0
1692944911579 1.02760916486876 0
1692944911580 1.0229186980251914 0
1692944911581 1.0175364191210545 0
1692944911582 1.0136641979378347 0
1692944911583 1.005803497928708 0
1692944911584 0.9999432517825525 0
1692944911586 0.9935373221462653 0
1692944911587 0.989995162925304 0
1692944911588 0.9842297374547546 0
1692944911589 0.9791671101387613 0
1692944911590 0.9745553499102242 0
1692944911591 0.9704712974133612 0
1692944911593 0.9648241085959461 0
1692944911599 0.9589553570730911 0
1692944911600 0.9538377403103345 0
1692944911601 0.9499585173563646 0
1692944911602 0.9471331414925892 0
1692944911604 0.9426098418279248 0
1692944911605 0.9370627705650703 0
1692944911606 0.9339546197069538 0
1692944911607 0.931553226171831 0
1692944911609 0.9290733905888195 0
1692944911610 0.925224979870989 0
1692944911611 0.9210121559741159 0
1692944911626 0.9165359905536173 0
1692944911634 0.9134523543396088 0
1692944911642 0.9119447287332573 0
1692944911643 0.9111297898291607 0
1692944911644 0.9092932206517612 0
1692944911646 0.9060430655092993 0
1692944911654 0.9047139485286892 0
1692944911655 0.9027382626516689 0
1692944911656 0.8995719770005995 0
1692944911657 0.898336865061586 0
1692944911659 0.8980138738565411 0
1692944911660 0.8976514468761612 0
1692944911661 0.892418267460633 0
1692944911682 0.8894618751317453 0
1692944911683 0.887362868559622 0
1692944911684 0.8863500526084376 0
1692944911686 0.8846525019349857 0
1692944911687 0.8844070996717243 0
1692944911690 0.8826497327792622 0
1692944911692 0.8812642556664357 0
1692944911693 0.876903973005987 0
1692944911695 0.8724827418403165 0
1692944911697 0.8689763345961192 0
1692944911698 0.8687965404615163 0
1692944911699 0.8681965656393476 0
1692944911700 0.8669493904161389 0
1692944911702 0.8658517937778115 0
1692944911703 0.8648652423780134 0
1692944911705 0.8624596023512611 0
1692944911706 0.8619499949316285 0
1692944911707 0.8616419036306723 0
1692944911709 0.8585294505521951 0
1692944911713 0.8575097285984898 0
1692944911714 0.8564344813470424 0
1692944911715 0.8559398383041436 0
1692944911717 0.8553371579088918 0
1692944911718 0.8551599465513199 0
1692944911720 0.8541480547635478 0
1692944911721 0.8474077436686535 0
1692944911722 0.8436413301892836 0
1692944911738 0.8387046617035062 0
1692944911746 0.8335480594208479 0
1692944911750 0.8284724392086988 0
1692944911751 0.822969698194776 0
1692944911758 0.8203274814662843 0
1692944911759 0.8153546070192988 0
1692944911762 0.8120044512809516 0
1692944911765 0.8088349892206236 0
1692944911766 0.8087099464178864 0
1692944911773 0.8085387207649057 0
