1692944877520 1.8132824285405864 0
1692944877521 1.739416301236906 0
1692944877523 1.6708817377687364 0
1692944877524 1.6130275148271551 0
1692944877525 1.5655547105667125 0
1692944877526 1.5262968335854639 0
1692944877527 1.4921223181196275 0
1692944877529 1.4638772870037697 0
1692944877530 1.4395009821092717 0
1692944877531 1.4165407985080278 0
1692944877532 1.3972212688979766 0
1692944877533 1.3809522001297676 0
1692944877535 1.3649342280729864 0
1692944877536 1.3528781267789225 0
1692944877537 1.3414961628704645 0
1692944877538 1.331039705433735 0
1692944877539 1.3203331930314106 0
1692944877540 1.3114378921175665 0
1692944877541 1.3037446306691844 0
1692944877542 1.296309812440533 0
1692944877543 1.2905764198035465 0
1692944877544 1.2846655363785866 0
1692944877546 1.278108293039221 0
1692944877547 1.2733100561675852 0
1692944877547 1.269256912918587 0
1692944877548 1.2645212337399052 0
1692944877549 1.2591408139132811 0
1692944877550 1.255782848536529 0
1692944877551 1.251367654745312 0
1692944877552 1.2479201147610122 0
1692944877553 1.2442763902020433 0
1692944877554 1.2416126371755944 0
1692944877554 1.2389536149112432 0
1692944877555 1.2360408165686394 0
1692944877556 1.2336241547724147 0
1692944877557 1.230749521255833 0
1692944877558 1.2287388127634802 0
1692944877559 1.2260461777388727 0
1692944877560 1.2231257638532773 0
1692944877561 1.220738510200264 0
1692944877561 1.2185855682350455 0
1692944877562 1.2166609016641792 0
1692944877563 1.2149360023044091 0
1692944877564 1.2126831435143046 0
1692944877565 1.2102213510513102 0
1692944877566 1.2088630812420635 0
1692944877567 1.2072552489472395 0
1692944877568 1.2052386480683004 0
1692944877568 1.2040076308035044 0
1692944877569 1.2020160372622701 0
1692944877570 1.199956859965994 0
1692944877571 1.1983365288854388 0
1692944877572 1.1966751495262007 0
1692944877573 1.1958758406989713 0
1692944877574 1.1952022838897616 0
1692944877575 1.1938649588670627 0
1692944877576 1.1920491467791368 0
1692944877576 1.1909964118125007 0
1692944877577 1.189732857243242 0
1692944877578 1.189250932191478 0
1692944877579 1.188133712998798 0
1692944877580 1.1867176103836306 0
1692944877581 1.185587103126636 0
1692944877582 1.1842004604435643 0
1692944877583 1.1830023800236353 0
1692944877583 1.1826131695825897 0
1692944877585 1.1818001562849991 0
1692944877585 1.1813698068099334 0
1692944877586 1.1810374497098253 0
1692944877587 1.1799339746693684 0
1692944877588 1.1794651439985413 0
1692944877589 1.1784923980851798 0
1692944877590 1.177343919798815 0
1692944877591 1.176348394009939 0
1692944877592 1.1753809853620742 0
1692944877593 1.1741941846149548 0
1692944877594 1.1735162157036565 0
1692944877595 1.1723898131929604 0
1692944877596 1.1720778642486898 0
1692944877597 1.1714376865580318 0
1692944877598 1.1701818295825352 0
1692944877599 1.168848998330811 0
1692944877599 1.1681561146886899 0
1692944877600 1.1679174215563264 0
1692944877601 1.167103194431446 0
1692944877602 1.1667847677671235 0
1692944877603 1.165743090488091 0
1692944877604 1.1655250995735622 0
1692944877605 1.165275264808414 0
1692944877605 1.1645191902418808 0
1692944877606 1.1638416448968973 0
1692944877607 1.1629657523498529 0
1692944877608 1.1622276498793584 0
1692944877609 1.161281324208618 0
1692944877610 1.1609784428532903 0
1692944877611 1.1603508590879101 0
1692944877612 1.1598612715686099 0
1692944877612 1.1587801038983083 0
1692944877613 1.158429417516903 0
1692944877614 1.1575697788513994 0
