1692944895816 1.784934979581641 0
1692944895818 1.688616699100212 0
1692944895819 1.6094760564997688 0
1692944895821 1.5377417993165583 0
1692944895822 1.4785654250914606 0
1692944895823 1.4280205920673696 0
1692944895825 1.3869482086449316 0
1692944895826 1.3517769068149161 0
1692944895827 1.32141249040696 0
1692944895829 1.2963573204030023 0
1692944895830 1.2754299935175704 0
1692944895831 1.2579279429441583 0
1692944895833 1.2422493011169293 0
1692944895834 1.2293192282948013 0
1692944895835 1.2177648738946174 0
1692944895836 1.2060752871750007 0
1692944895838 1.1955239949198517 0
1692944895839 1.1834557797222738 0
1692944895840 1.1751067315738757 0
1692944895842 1.1666830378834105 0
1692944895843 1.1594416516167394 0
1692944895844 1.1535403219104094 0
1692944895846 1.1465877977522638 0
1692944895850 1.1410933723115018 0
1692944895851 1.134912489447787 0
1692944895858 1.1292291570805375 0
1692944895859 1.124192854022176 0
1692944895860 1.11972939655245 0
1692944895862 1.1164422403955538 0
1692944895870 1.1122400666217256 0
1692944895871 1.1085905938164913 0
1692944895873 1.1042093765547927 0
1692944895874 1.1003408964318466 0
1692944895875 1.0974052261560143 0
1692944895877 1.0942982821268892 0
1692944895886 1.0909983007938115 0
1692944895888 1.0868886865158371 0
1692944895889 1.0848936735010284 0
1692944895890 1.0813939654895277 0
1692944895892 1.076970122847235 0
1692944895893 1.0747495474234467 0
1692944895898 1.0717043818657515 0
1692944895899 1.0690528534283537 0
1692944895906 1.0652040911342882 0
1692944895913 1.0645409207119407 0
1692944895917 1.0617529666127552 0
1692944895926 1.0589228020536219 0
1692944895934 1.057185389113709 0
1692944895935 1.0549790738253573 0
1692944895936 1.0536614968755762 0
1692944895938 1.0494556471433696 0
1692944895939 1.0471897085368327 0
1692944895940 1.0451052205714397 0
1692944895958 1.044340030911204 0
1692944895959 1.0410074770210789 0
1692944895960 1.0378391830404092 0
1692944895962 1.0364188895259692 0
1692944895963 1.0338086900320955 0
1692944895964 1.0311501419309013 0
1692944895978 1.030515411003054 0
1692944895979 1.0290347958047987 0
1692944895980 1.0285733523847154 0
1692944895981 1.0272806198243856 0
1692944895990 1.0245123665071727 0
1692944895991 1.023013774437017 0
1692944895992 1.020624050750723 0
1692944895998 1.0199935292485711 0
1692944895999 1.0182946508114958 0
1692944896000 1.0160679546981501 0
1692944896002 1.0157487948754778 0
1692944896003 1.0134410566760936 0
1692944896004 1.0131847555214182 0
1692944896005 1.0125378365684765 0
1692944896007 1.0091422540228376 0
1692944896008 1.0058133366598747 0
1692944896009 1.0039348104509322 0
1692944896011 1.001874121580101 0
1692944896012 0.9987401599668051 0
1692944896013 0.9949753235710038 0
1692944896015 0.9925765819481389 0
1692944896016 0.989945991743767 0
1692944896017 0.9894979221910462 0
1692944896030 0.9887922918901608 0
1692944896034 0.988190318981204 0
1692944896035 0.986522981858888 0
1692944896042 0.9834107671751194 0
1692944896043 0.9817521397292116 0
1692944896044 0.9806781264986072 0
1692944896050 0.9800840893479309 0
1692944896051 0.9781140856112072 0
1692944896058 0.9757405576429957 0
1692944896059 0.9737246627765321 0
1692944896062 0.9727637565167249 0
1692944896070 0.971355410562893 0
1692944896071 0.9710152693495738 0
1692944896078 0.9707983763786324 0
1692944896079 0.9703214356594224 0
1692944896080 0.96985462941878 0
1692944896082 0.9696763518112967 0
1692944896088 0.9680608782564314 0
