1692944888508 1.798663519867568 0
1692944888509 1.7158887425251166 0
1692944888510 1.641878042921934 0
1692944888511 1.5776892770463484 0
1692944888512 1.5225205920905922 0
1692944888513 1.4773251586667475 0
1692944888514 1.4388620205811284 0
1692944888515 1.4066652376389863 0
1692944888516 1.3801450747981023 0
1692944888517 1.357074005819734 0
1692944888518 1.336096848682371 0
1692944888519 1.318451800769907 0
1692944888520 1.3029592383211368 0
1692944888521 1.2888981520645915 0
1692944888523 1.2774521331281083 0
1692944888524 1.2668442232985455 0
1692944888526 1.2566623696424901 0
1692944888527 1.248039300460185 0
1692944888528 1.2409014246331824 0
1692944888529 1.2353656776861432 0
1692944888530 1.2293847952417225 0
1692944888531 1.2226734650234292 0
1692944888532 1.2161884982877458 0
1692944888533 1.2100891348619829 0
1692944888533 1.2044590767169934 0
1692944888534 1.2000872248547612 0
1692944888535 1.1950961040252115 0
1692944888536 1.1904931386830881 0
1692944888537 1.1866961742017397 0
1692944888538 1.1822247577359828 0
1692944888539 1.1792095036132413 0
1692944888540 1.1761728944637981 0
1692944888541 1.1731358860543692 0
1692944888542 1.1710230872103577 0
1692944888543 1.1685488484185982 0
1692944888544 1.165231734389892 0
1692944888545 1.1624634739007356 0
1692944888546 1.1607786797052797 0
1692944888547 1.158815943962789 0
1692944888547 1.1571196608672132 0
1692944888548 1.1552651880679567 0
1692944888549 1.1524095365968032 0
1692944888550 1.150179316018463 0
1692944888551 1.1485738362081666 0
1692944888552 1.1468008927773428 0
1692944888553 1.1460267068558574 0
1692944888554 1.1438363804895666 0
1692944888555 1.1428540328074068 0
1692944888556 1.1421449500466647 0
1692944888557 1.1404715731957256 0
1692944888558 1.1390265748325445 0
1692944888559 1.1379412924775885 0
1692944888560 1.136220137242205 0
1692944888562 1.1335461507567133 0
1692944888564 1.1320817347397882 0
1692944888566 1.1311735489994177 0
1692944888567 1.1296903721359084 0
1692944888568 1.1276202621460214 0
1692944888569 1.1256629243887706 0
1692944888570 1.1250237469866167 0
1692944888571 1.1242840679132249 0
1692944888572 1.1229035530692704 0
1692944888573 1.121970948099719 0
1692944888574 1.121522433753593 0
1692944888575 1.1186921868693829 0
1692944888576 1.1176635454413375 0
1692944888579 1.1168086276889486 0
1692944888580 1.1148708109477046 0
1692944888582 1.1116539657242295 0
1692944888582 1.1111629661079472 0
1692944888584 1.1107899874903417 0
1692944888585 1.1103374913472526 0
1692944888586 1.1094981898761906 0
1692944888587 1.1091682356339252 0
1692944888588 1.1085769100159284 0
1692944888589 1.1049918531826097 0
1692944888590 1.103917774729903 0
1692944888591 1.1035621854868332 0
1692944888592 1.1014672432756485 0
1692944888593 1.100818469500864 0
1692944888594 1.0991045634568286 0
1692944888595 1.0955388643829989 0
1692944888596 1.0949154482245742 0
1692944888597 1.0932775522241371 0
1692944888598 1.0928983065975184 0
1692944888599 1.0903338109653309 0
1692944888600 1.0892427247935297 0
1692944888601 1.0879864124285497 0
1692944888602 1.0864510744710436 0
1692944888603 1.085536582413871 0
1692944888604 1.083030949657841 0
1692944888605 1.0815519318608102 0
1692944888606 1.0802535107377913 0
1692944888608 1.0785456158485047 0
1692944888609 1.0768917620347782 0
1692944888610 1.0758863155109473 0
1692944888611 1.0756305884467683 0
1692944888612 1.0743286808492585 0
1692944888613 1.0725792139129857 0
1692944888614 1.0721133883539147 0
