1692944809016 1.854067839128975 0
1692944809018 1.811893699801062 0
1692944809019 1.7735599435842049 0
1692944809020 1.735096577618487 0
1692944809022 1.7003761284936807 0
1692944809023 1.6709136009254388 0
1692944809024 1.6416612317105403 0
1692944809025 1.6141193433525314 0
1692944809026 1.5891718288969727 0
1692944809028 1.5665183685078874 0
1692944809029 1.5456280192678786 0
1692944809031 1.5264814578580423 0
1692944809032 1.5093215704818053 0
1692944809033 1.4930206446153564 0
1692944809034 1.4777993561775888 0
1692944809035 1.4628901948535193 0
1692944809036 1.4497013116782915 0
1692944809037 1.4377555343985444 0
1692944809038 1.4263093116513612 0
1692944809040 1.415987675287678 0
1692944809041 1.40594065444204 0
1692944809042 1.3965426272686357 0
1692944809043 1.3881260744748367 0
1692944809043 1.3805177120306358 0
1692944809044 1.3728413622986422 0
1692944809045 1.3657142155789626 0
1692944809046 1.358150042825213 0
1692944809047 1.3521405865368423 0
1692944809048 1.345952993435021 0
1692944809048 1.3399237718370813 0
1692944809049 1.3343918998272606 0
1692944809050 1.3292125679781006 0
1692944809051 1.324343155763561 0
1692944809052 1.3193163718669683 0
1692944809053 1.3147380610915265 0
1692944809053 1.3104846803484338 0
1692944809054 1.3057923365026753 0
1692944809055 1.3016459939214489 0
1692944809056 1.298019607643943 0
1692944809057 1.2944598142065156 0
1692944809057 1.2908125119933784 0
1692944809058 1.287225124677145 0
1692944809059 1.2843211536672314 0
1692944809060 1.2812954036639934 0
1692944809061 1.277428572687009 0
1692944809062 1.2750188948039396 0
1692944809062 1.2716427934134948 0
1692944809063 1.2690338024820171 0
1692944809064 1.266519555158125 0
1692944809065 1.2640670369471934 0
1692944809066 1.261273793702279 0
1692944809067 1.2590142501409278 0
1692944809067 1.2563711741385732 0
1692944809068 1.2546380099234349 0
1692944809069 1.2525726495154248 0
1692944809070 1.2503166743367493 0
1692944809071 1.248014715238928 0
1692944809072 1.2459953252861724 0
1692944809073 1.2442450949369268 0
1692944809073 1.2428635210641694 0
1692944809074 1.241170227556749 0
1692944809075 1.2398198944638392 0
1692944809076 1.2379986575352449 0
1692944809077 1.2362982369500566 0
1692944809078 1.234846196198234 0
1692944809079 1.2337371845737763 0
1692944809079 1.2319938252671214 0
1692944809080 1.23062894414869 0
1692944809081 1.2290481265506052 0
1692944809082 1.227528798530535 0
1692944809083 1.2255704213090288 0
1692944809084 1.2243599119892146 0
1692944809084 1.223027476970622 0
1692944809085 1.2217789427796064 0
1692944809086 1.2205250792999212 0
1692944809087 1.2193052780815212 0
1692944809088 1.218463828377591 0
1692944809089 1.2173779235797253 0
1692944809090 1.215905327847309 0
1692944809091 1.2142747807226306 0
1692944809092 1.2130250120886232 0
1692944809092 1.2118819319181464 0
1692944809093 1.2104453930303922 0
1692944809094 1.2093657381630691 0
1692944809095 1.208159307998496 0
1692944809096 1.2068646759485193 0
1692944809096 1.206045997743646 0
1692944809097 1.2047417639809546 0
1692944809098 1.2038063898258156 0
1692944809099 1.2029102388404251 0
1692944809100 1.2018321413046533 0
1692944809101 1.2006785688777082 0
1692944809101 1.199656062522533 0
1692944809102 1.1986017088711778 0
1692944809103 1.1980853181179005 0
1692944809104 1.19702139203766 0
1692944809105 1.19641555478922 0
1692944809106 1.1956228069824546 0
1692944809106 1.1947760023988694 0
1692944809107 1.1939617115445544 0
