1692944766947 1.8900255303483293 0
1692944766948 1.8795670852542046 0
1692944766949 1.8692255900991788 0
1692944766950 1.8581712094519185 0
1692944766951 1.8483353314271762 0
1692944766953 1.838579376575619 0
1692944766954 1.828986657459023 0
1692944766955 1.818756515459102 0
1692944766956 1.8087886446399102 0
1692944766957 1.7997280763243655 0
1692944766959 1.790844327071447 0
1692944766960 1.7820962992644074 0
1692944766961 1.7734073552754477 0
1692944766962 1.7648724987079896 0
1692944766963 1.7564727247922696 0
1692944766964 1.7475335020471217 0
1692944766965 1.7387422472654452 0
1692944766966 1.7302967725198561 0
1692944766966 1.7218330481946018 0
1692944766967 1.7142783142304505 0
1692944766968 1.7061135774138656 0
1692944766969 1.6981096217588507 0
1692944766970 1.6902567714470746 0
1692944766970 1.6825724807501328 0
1692944766971 1.6752168109233516 0
1692944766972 1.667760505624923 0
1692944766973 1.6604191452784314 0
1692944766974 1.653854017617043 0
1692944766974 1.6468062456871901 0
1692944766975 1.6398572343014775 0
1692944766976 1.6330076942383591 0
1692944766977 1.6265475884954064 0
1692944766978 1.619999014323563 0
1692944766979 1.613511963878913 0
1692944766979 1.6073594792972994 0
1692944766980 1.6011035963808802 0
1692944766981 1.5950341211219798 0
1692944766982 1.5890439344152019 0
1692944766983 1.583094312704339 0
1692944766984 1.5772627916924085 0
1692944766985 1.572020988712543 0
1692944766986 1.5665107265167573 0
1692944766987 1.5609315653483542 0
1692944766987 1.5554481519114531 0
1692944766988 1.5501800215919435 0
1692944766989 1.5449212902195995 0
1692944766990 1.5398575896005786 0
1692944766991 1.5347606297933607 0
1692944766992 1.529809824026154 0
1692944766993 1.5249588980360658 0
1692944766994 1.5201422864642795 0
1692944766994 1.5158407139677863 0
1692944766995 1.5111951123736862 0
1692944766996 1.5066612785295923 0
1692944766997 1.5021254486711058 0
1692944766998 1.497738995833774 0
1692944766998 1.4934715596370591 0
1692944766999 1.4892400476718195 0
1692944767000 1.485305899548435 0
1692944767001 1.481211815949689 0
1692944767002 1.4772451796610278 0
1692944767003 1.4732301054491843 0
1692944767005 1.4693958588053533 0
1692944767005 1.4655581593490496 0
1692944767006 1.4617972959432974 0
1692944767007 1.4581321397938207 0
1692944767008 1.454455548157009 0
1692944767009 1.4508726955016784 0
1692944767009 1.4473991798583414 0
1692944767010 1.4439399819697303 0
1692944767011 1.4406372982094473 0
1692944767012 1.4372814783188166 0
1692944767013 1.4339822435734277 0
1692944767013 1.4306569384658416 0
1692944767014 1.4274026910190118 0
1692944767015 1.424323136102303 0
1692944767016 1.4211689698010521 0
1692944767017 1.4180673268210704 0
1692944767018 1.4151147954629304 0
1692944767019 1.4120876220863703 0
1692944767020 1.4091548737332846 0
1692944767021 1.4062925283601095 0
1692944767022 1.403518922781622 0
1692944767023 1.400678723109853 0
1692944767023 1.3978826372741997 0
1692944767024 1.3952046945875798 0
1692944767025 1.3925272062933782 0
1692944767026 1.3899014431245222 0
1692944767027 1.3872814873729942 0
1692944767027 1.3847021758676459 0
1692944767028 1.3822094658906128 0
1692944767029 1.379765064711637 0
1692944767030 1.3773526228046145 0
1692944767031 1.3749703662122974 0
1692944767031 1.3725996326972827 0
1692944767032 1.3703016081114836 0
1692944767033 1.3679805425388984 0
1692944767034 1.36576245070257 0
1692944767035 1.3635703606539151 0
1692944767035 1.3613587742990712 0
