1692944881067 1.7981653130733741 0
1692944881068 1.712340356332571 0
1692944881069 1.6337272605802406 0
1692944881070 1.5683789354123499 0
1692944881070 1.5150295091580868 0
1692944881071 1.469930048254784 0
1692944881072 1.4332311600695042 0
1692944881073 1.4018659386829546 0
1692944881074 1.3756119423535287 0
1692944881075 1.3519200356392256 0
1692944881076 1.332785577279001 0
1692944881077 1.3149199237268523 0
1692944881078 1.300260487074865 0
1692944881079 1.287332090882817 0
1692944881080 1.2752959127616932 0
1692944881081 1.2650573250819603 0
1692944881082 1.2549845157404995 0
1692944881083 1.2469721859899487 0
1692944881084 1.2390330422894305 0
1692944881084 1.231359074995806 0
1692944881085 1.2237043749093581 0
1692944881086 1.2177907185415928 0
1692944881087 1.213046570981436 0
1692944881088 1.2074763783085465 0
1692944881089 1.2031960572231426 0
1692944881090 1.1980036868524202 0
1692944881091 1.192910806353003 0
1692944881092 1.1879546842911126 0
1692944881092 1.184280285631715 0
1692944881093 1.181706539346877 0
1692944881094 1.1782873038916983 0
1692944881095 1.1755536589625135 0
1692944881096 1.172954540544182 0
1692944881097 1.1707063938323705 0
1692944881098 1.1678752671290886 0
1692944881099 1.1658587482706275 0
1692944881099 1.1638561328270327 0
1692944881100 1.162190041624765 0
1692944881101 1.1595583482950593 0
1692944881102 1.1580582132749655 0
1692944881103 1.1552321798231158 0
1692944881104 1.1522088116329092 0
1692944881105 1.1499392400660902 0
1692944881106 1.1456567668296564 0
1692944881106 1.1430353786340226 0
1692944881107 1.1412958353605513 0
1692944881108 1.1388950347565607 0
1692944881109 1.1361195253544938 0
1692944881110 1.1345719332855 0
1692944881111 1.1322972636490853 0
1692944881112 1.1297233954943549 0
1692944881113 1.1269987042531888 0
1692944881113 1.1251094765313079 0
1692944881114 1.1243754596674573 0
1692944881115 1.1237120063472033 0
1692944881116 1.1211409953732618 0
1692944881117 1.1202928555400011 0
1692944881118 1.1184593737911763 0
1692944881119 1.1178337317163316 0
1692944881120 1.1169740881580543 0
1692944881120 1.1149734263839304 0
1692944881121 1.1136399528271839 0
1692944881122 1.113317388418257 0
1692944881123 1.1097580240101346 0
1692944881124 1.107914855540125 0
1692944881125 1.1070327875517374 0
1692944881126 1.1059223427501612 0
1692944881127 1.1051734778209872 0
1692944881128 1.1041290362721334 0
1692944881128 1.10376284654803 0
1692944881129 1.1031577973108202 0
1692944881130 1.1014534307347632 0
1692944881131 1.0998358661999976 0
1692944881132 1.099351603072977 0
1692944881133 1.0983650681494335 0
1692944881134 1.0955881908039304 0
1692944881135 1.09430764100315 0
1692944881135 1.093289076927431 0
1692944881136 1.0915694147207746 0
1692944881139 1.0912563958938408 0
1692944881140 1.0900879411992348 0
1692944881141 1.0897244236809083 0
1692944881142 1.0883967092104727 0
1692944881143 1.0867105564016926 0
1692944881143 1.0845339567720467 0
1692944881144 1.0824721431981048 0
1692944881145 1.081226940398965 0
1692944881146 1.080880393715995 0
1692944881147 1.0804140455508036 0
1692944881148 1.0787678926080808 0
1692944881149 1.0783365410891983 0
1692944881150 1.0769425620673854 0
1692944881150 1.076772226882356 0
1692944881151 1.0763803826629001 0
1692944881152 1.0748526717754674 0
1692944881153 1.0738504224747787 0
1692944881154 1.0734612315565308 0
1692944881155 1.072173456533197 0
1692944881156 1.0704612322175484 0
1692944881156 1.0695462378257752 0
