1692944812511 1.8598625990767716 0
1692944812512 1.817062155499541 0
1692944812513 1.7779989323483694 0
1692944812513 1.7397003005667386 0
1692944812514 1.70409004542085 0
1692944812515 1.6718988133368484 0
1692944812516 1.644810111430198 0
1692944812517 1.616514158967699 0
1692944812518 1.5919025189594398 0
1692944812519 1.5682826847649758 0
1692944812520 1.5487385931320232 0
1692944812521 1.5293392014257055 0
1692944812522 1.5112766311511057 0
1692944812522 1.4942492690134332 0
1692944812523 1.4793771292315843 0
1692944812524 1.4655315031076501 0
1692944812525 1.451910679131566 0
1692944812526 1.4400300889540527 0
1692944812527 1.4293133330551329 0
1692944812527 1.418564467175257 0
1692944812528 1.4088728843324694 0
1692944812529 1.399264226592364 0
1692944812530 1.3910262226136854 0
1692944812531 1.3818392059595732 0
1692944812532 1.3739870004699122 0
1692944812532 1.3668208215870123 0
1692944812533 1.3598696590040298 0
1692944812534 1.3531638086445161 0
1692944812535 1.3467299580363585 0
1692944812536 1.340776940482283 0
1692944812536 1.3352814297755746 0
1692944812537 1.3296059349103055 0
1692944812538 1.3241963833851937 0
1692944812539 1.3191059928356959 0
1692944812540 1.3146370410949921 0
1692944812541 1.3103199524812343 0
1692944812541 1.3062416868019222 0
1692944812542 1.3023680986003843 0
1692944812543 1.298736601709083 0
1692944812544 1.2951937588653535 0
1692944812545 1.2914335216998007 0
1692944812546 1.2881322923058094 0
1692944812546 1.2841772940397138 0
1692944812547 1.2811837403684851 0
1692944812548 1.2786848188598952 0
1692944812549 1.2761225276529435 0
1692944812550 1.2733681032870585 0
1692944812551 1.2700550146628595 0
1692944812551 1.2673784751004578 0
1692944812552 1.265376816140917 0
1692944812553 1.2625625589019454 0
1692944812554 1.2603474594225732 0
1692944812555 1.258160690173832 0
1692944812556 1.255794513778815 0
1692944812556 1.2534878847160955 0
1692944812557 1.2514635286979827 0
1692944812558 1.2495255108876262 0
1692944812559 1.2473941356617977 0
1692944812560 1.245967277591802 0
1692944812561 1.2441598576325619 0
1692944812561 1.2423980872192286 0
1692944812562 1.2407722313832246 0
1692944812563 1.2392169350403912 0
1692944812564 1.2377608749196491 0
1692944812565 1.236238285350038 0
1692944812565 1.2348618416763406 0
1692944812566 1.2331755239305422 0
1692944812567 1.2314403585999283 0
1692944812568 1.2303023297409594 0
1692944812569 1.2287072555380278 0
1692944812570 1.2272701113575373 0
1692944812570 1.2263380525555228 0
1692944812571 1.225331899095104 0
1692944812572 1.2240363620929524 0
1692944812573 1.222991301277538 0
1692944812574 1.2220275232147564 0
1692944812575 1.2212908332682164 0
1692944812575 1.2200260456697134 0
1692944812576 1.2190729158007667 0
1692944812577 1.2178731245493946 0
1692944812578 1.2166355129410835 0
1692944812579 1.2155150920109625 0
1692944812579 1.2145132099656148 0
1692944812580 1.2131686873117848 0
1692944812581 1.2123418498921983 0
1692944812582 1.211337414504806 0
1692944812583 1.210354100593615 0
1692944812584 1.209287105413642 0
1692944812585 1.2085740472071183 0
1692944812586 1.2077710554539454 0
1692944812587 1.2069848895628366 0
1692944812588 1.2054428552639136 0
1692944812589 1.2048701618224549 0
1692944812590 1.20394448009098 0
1692944812590 1.2031241737982568 0
1692944812592 1.2024925642728737 0
1692944812592 1.2014823813386666 0
1692944812593 1.2004377903199577 0
1692944812594 1.199557082221742 0
1692944812595 1.1991162805293873 0
