1692944874451 1.8101517699727536 0
1692944874452 1.7344737373664574 0
1692944874453 1.68016227071859 0
1692944874454 1.6227578377274445 0
1692944874454 1.5762978266698973 0
1692944874455 1.5335141141237072 0
1692944874456 1.4977067324495077 0
1692944874457 1.4681539798552639 0
1692944874458 1.44191028063013 0
1692944874459 1.4189560097654477 0
1692944874460 1.3987936619077568 0
1692944874461 1.380945708169118 0
1692944874462 1.3644462068249583 0
1692944874463 1.3523920463437926 0
1692944874464 1.3397752322223495 0
1692944874465 1.32948172881693 0
1692944874465 1.3192808445191293 0
1692944874466 1.309007091780792 0
1692944874467 1.3009012708962797 0
1692944874468 1.293914701018274 0
1692944874469 1.2873907001031024 0
1692944874470 1.2817940430375632 0
1692944874471 1.2767777259149629 0
1692944874471 1.2723679313908485 0
1692944874472 1.267423223252275 0
1692944874473 1.2633834079966548 0
1692944874474 1.25993917763706 0
1692944874475 1.2554422813408546 0
1692944874476 1.251188961865598 0
1692944874477 1.2479575439183208 0
1692944874478 1.244666696427074 0
1692944874478 1.2412074572486458 0
1692944874479 1.2371980147628745 0
1692944874480 1.234710260714615 0
1692944874481 1.2315249420576861 0
1692944874482 1.228550001883873 0
1692944874483 1.2261195551852846 0
1692944874484 1.2243823212647476 0
1692944874484 1.2217312149513146 0
1692944874485 1.219243804951029 0
1692944874486 1.2177861853765946 0
1692944874487 1.2154573711923284 0
1692944874488 1.2141256766845596 0
1692944874489 1.2127011351197097 0
1692944874490 1.211498215648322 0
1692944874491 1.210132868579813 0
1692944874492 1.2081326579019394 0
1692944874494 1.2063280428977585 0
1692944874495 1.2043808555462228 0
1692944874495 1.2025255028292816 0
1692944874496 1.2011857672381236 0
1692944874497 1.1988284240971825 0
1692944874498 1.1975639888846328 0
1692944874499 1.195856783350354 0
1692944874500 1.1947833158543577 0
1692944874501 1.193334642451073 0
1692944874501 1.1925661576567275 0
1692944874502 1.1917303738812755 0
1692944874503 1.1910217282180118 0
1692944874504 1.1895795294874638 0
1692944874505 1.1883050905129053 0
1692944874506 1.1871690446993106 0
1692944874507 1.186233003309477 0
1692944874507 1.1850527305690395 0
1692944874508 1.1843975763975212 0
1692944874509 1.1835363620761172 0
1692944874510 1.1824793839197487 0
1692944874511 1.181414369737331 0
1692944874512 1.1807557564573297 0
1692944874513 1.1804091319857997 0
1692944874514 1.1798281441970666 0
1692944874514 1.1789207124432273 0
1692944874515 1.178581280185316 0
1692944874516 1.1781215457451975 0
1692944874517 1.1771117056482385 0
1692944874518 1.1767134257756566 0
1692944874519 1.176182228192497 0
1692944874520 1.175545060637756 0
1692944874520 1.175054915007352 0
1692944874521 1.1746745558869665 0
1692944874522 1.1738492427017022 0
1692944874524 1.1727411278562532 0
1692944874529 1.1713386252319582 0
1692944874530 1.1710783128312248 0
1692944874531 1.1702214914638507 0
1692944874532 1.1693243563523656 0
1692944874533 1.1685301735654854 0
1692944874533 1.1680033360515862 0
1692944874534 1.1678364180730139 0
1692944874535 1.1672000043457047 0
1692944874536 1.1669613793822087 0
1692944874537 1.1658878023664567 0
1692944874538 1.1648287943719353 0
1692944874539 1.163625633375043 0
1692944874540 1.1624636800782129 0
1692944874541 1.1620030224325169 0
1692944874542 1.1611374046499365 0
1692944874543 1.160715862019342 0
1692944874544 1.1604617098437466 0
1692944874545 1.1593853407311743 0
