1692944867756 1.8097585189392227 0
1692944867757 1.7353475557703844 0
1692944867758 1.6670845495920796 0
1692944867759 1.6109595824832856 0
1692944867759 1.5628882133795363 0
1692944867760 1.5228102177505332 0
1692944867761 1.488316728310451 0
1692944867762 1.4593174075165878 0
1692944867763 1.4329401274984184 0
1692944867765 1.4113245732004533 0
1692944867766 1.3923285410084931 0
1692944867767 1.375274067821891 0
1692944867768 1.3597978463677836 0
1692944867768 1.3469314854635472 0
1692944867769 1.3354382740992008 0
1692944867770 1.3248373107412823 0
1692944867771 1.3152791845280432 0
1692944867772 1.306973650199211 0
1692944867773 1.2984375662415961 0
1692944867774 1.2903367671036605 0
1692944867775 1.2843484868076314 0
1692944867775 1.276496165550163 0
1692944867776 1.2704875410407588 0
1692944867777 1.2644078732047903 0
1692944867778 1.2597161143227964 0
1692944867779 1.2547307441943485 0
1692944867780 1.2504598698037745 0
1692944867781 1.2472548386971385 0
1692944867781 1.2434143568129552 0
1692944867782 1.2394557526900674 0
1692944867783 1.235607143487864 0
1692944867784 1.232950387822928 0
1692944867785 1.2301802310916605 0
1692944867786 1.227380356575932 0
1692944867787 1.225482238552027 0
1692944867788 1.2234668012794632 0
1692944867789 1.2211221849877358 0
1692944867790 1.2187682713068972 0
1692944867790 1.2153468855692788 0
1692944867791 1.2131859395899152 0
1692944867792 1.21176969971651 0
1692944867793 1.2093623007974748 0
1692944867794 1.2076449849831472 0
1692944867795 1.2056189392409595 0
1692944867796 1.2035668273890976 0
1692944867797 1.2015336004788248 0
1692944867798 1.1989262623172028 0
1692944867798 1.197205662420795 0
1692944867799 1.1953090978448264 0
1692944867800 1.1938933509629197 0
1692944867806 1.192330270502633 0
1692944867807 1.1913243157184479 0
1692944867808 1.1896458173499573 0
1692944867809 1.1879738331547605 0
1692944867809 1.1864435808686482 0
1692944867810 1.1852417752960798 0
1692944867811 1.183750983162061 0
1692944867812 1.1819099824665433 0
1692944867813 1.1804511861868783 0
1692944867814 1.1791298652937572 0
1692944867815 1.177751470030976 0
1692944867816 1.1769123061185656 0
1692944867817 1.1765000914652337 0
1692944867817 1.175093653069384 0
1692944867818 1.1738915310031708 0
1692944867819 1.1728827833144824 0
1692944867820 1.1724492546601268 0
1692944867821 1.1719190174438368 0
1692944867822 1.1715938931615106 0
1692944867823 1.1704593172058364 0
1692944867824 1.1696948894566042 0
1692944867825 1.1690289983167026 0
1692944867826 1.1685140585092892 0
1692944867827 1.1676908508303288 0
1692944867828 1.1663715740825926 0
1692944867829 1.1659604411411206 0
1692944867830 1.1657055123329854 0
1692944867831 1.1645483911841883 0
1692944867831 1.1639079396475904 0
1692944867832 1.16232080086646 0
1692944867833 1.1613435395190372 0
1692944867834 1.160635006517555 0
1692944867835 1.1602511153546853 0
1692944867836 1.1599351691672946 0
1692944867837 1.1588685232163862 0
1692944867837 1.1585922317716757 0
1692944867838 1.1577082542077695 0
1692944867839 1.1566912239367866 0
1692944867840 1.1564737531318965 0
1692944867841 1.1561465179037236 0
1692944867842 1.1554094797161776 0
1692944867843 1.154615324170992 0
1692944867844 1.15369378924419 0
1692944867845 1.1529028280641977 0
1692944867846 1.1517141844049634 0
1692944867847 1.1508766932437164 0
1692944867848 1.1499737105490782 0
1692944867849 1.1493047728294772 0
1692944867849 1.149156192554186 0
1692944867850 1.1482537985929329 0
