1692944844827 1.8437470231766522 0
1692944844828 1.793699569483213 0
1692944844829 1.7441210790973094 0
1692944844830 1.7000310514204247 0
1692944844831 1.6557932210961805 0
1692944844832 1.6156851772194192 0
1692944844833 1.581454313035667 0
1692944844834 1.5476102026744598 0
1692944844835 1.5165938832691213 0
1692944844836 1.4880205253087733 0
1692944844837 1.4629179349736325 0
1692944844838 1.4400952127306266 0
1692944844838 1.4178106527443302 0
1692944844839 1.3974204724547061 0
1692944844840 1.3785520663657798 0
1692944844841 1.3612269218017865 0
1692944844842 1.346118159345243 0
1692944844843 1.3317190331804856 0
1692944844843 1.3184408235941054 0
1692944844844 1.306574213644982 0
1692944844845 1.2950499056259277 0
1692944844846 1.2844895878581613 0
1692944844847 1.274501540806805 0
1692944844848 1.265183303892983 0
1692944844849 1.2570600890370254 0
1692944844849 1.2483995737847522 0
1692944844850 1.2407860787763034 0
1692944844851 1.2337687811552451 0
1692944844852 1.2273180970400053 0
1692944844853 1.221053560813685 0
1692944844854 1.2142438941423368 0
1692944844855 1.2087232780203194 0
1692944844855 1.2033772200504314 0
1692944844856 1.1977272736816802 0
1692944844857 1.1931132489076788 0
1692944844858 1.1884603717967746 0
1692944844859 1.1839746862324894 0
1692944844860 1.1794435812520478 0
1692944844861 1.174724024370366 0
1692944844862 1.1702394368124782 0
1692944844863 1.1664307783787669 0
1692944844863 1.1633813766333874 0
1692944844864 1.1592340022758167 0
1692944844865 1.155439784348459 0
1692944844866 1.1515503325674825 0
1692944844867 1.1492628915458198 0
1692944844868 1.146014908752533 0
1692944844868 1.1429451722633057 0
1692944844869 1.1404607250738914 0
1692944844870 1.1375686472271327 0
1692944844872 1.1347774227105367 0
1692944844873 1.1327390039275884 0
1692944844874 1.1294199838092702 0
1692944844875 1.1270616380951353 0
1692944844876 1.1237526568546021 0
1692944844878 1.1216640692150566 0
1692944844879 1.1193786171500464 0
1692944844880 1.1171512303818927 0
1692944844881 1.1141503001412083 0
1692944844884 1.1122000251303275 0
1692944844885 1.110637241873291 0
1692944844887 1.1093793087110744 0
1692944844888 1.1074367401495295 0
1692944844889 1.1055983935472466 0
1692944844890 1.1034606273453402 0
1692944844891 1.101044018444285 0
1692944844893 1.0990931275102442 0
1692944844894 1.0970133923863132 0
1692944844895 1.0950865273157164 0
1692944844896 1.0937707334139268 0
1692944844897 1.092423157318761 0
1692944844899 1.090119227757074 0
1692944844900 1.0884110446620254 0
1692944844901 1.086850124560761 0
1692944844902 1.0852776188559146 0
1692944844903 1.0837933926532946 0
1692944844904 1.0816098636081337 0
1692944844906 1.0794256380841671 0
1692944844907 1.078143286643255 0
1692944844908 1.0771503736760042 0
1692944844909 1.0761471230224262 0
1692944844910 1.075238983088331 0
1692944844912 1.0730268173742805 0
1692944844913 1.071890740652751 0
1692944844914 1.0703239347077127 0
1692944844915 1.069163035469984 0
1692944844916 1.0674577850291378 0
1692944844918 1.065397736165771 0
1692944844919 1.0633098976764856 0
1692944844921 1.0615865235855177 0
1692944844922 1.0603945496900737 0
1692944844923 1.059119169312378 0
1692944844923 1.0578029133621252 0
1692944844924 1.057389669097758 0
1692944844925 1.0564007204644295 0
1692944844926 1.0559516329204945 0
1692944844927 1.0541462051556634 0
1692944844928 1.0530310572327721 0
1692944844928 1.0526711169133283 0
1692944844929 1.0516921263937038 0
