1692944747508 1.8912397661205944 0
1692944747509 1.8818969711164029 0
1692944747510 1.8727400977327946 0
1692944747511 1.8637654461295199 0
1692944747512 1.854969390093151 0
1692944747512 1.8463448408368648 0
1692944747513 1.837883544339478 0
1692944747514 1.8295872345099728 0
1692944747515 1.8214478822737734 0
1692944747516 1.8134632555032981 0
1692944747517 1.8056298923980596 0
1692944747518 1.7979446075889667 0
1692944747519 1.7896751521346288 0
1692944747520 1.7815699907299076 0
1692944747520 1.774285962913463 0
1692944747521 1.7664662358901646 0
1692944747522 1.758799613848737 0
1692944747523 1.7519037536523414 0
1692944747524 1.7445069360855785 0
1692944747524 1.7372571093458518 0
1692944747525 1.7307248410861904 0
1692944747526 1.723730081047755 0
1692944747527 1.7168722003056447 0
1692944747528 1.7106009291056674 0
1692944747528 1.7039837511651068 0
1692944747529 1.69749729618059 0
1692944747530 1.691134466944095 0
1692944747531 1.6852950671844515 0
1692944747532 1.679155527928584 0
1692944747533 1.6731366554731564 0
1692944747533 1.667604620292834 0
1692944747534 1.661516292723774 0
1692944747535 1.655752400785192 0
1692944747536 1.649895203904744 0
1692944747537 1.6446923975953343 0
1692944747537 1.6390221981294208 0
1692944747538 1.6336718121211478 0
1692944747539 1.6281946081675212 0
1692944747540 1.6233251507103987 0
1692944747541 1.6180224146496067 0
1692944747541 1.6129911192767301 0
1692944747542 1.6078838243816866 0
1692944747543 1.6028750237676024 0
1692944747544 1.5983602565892627 0
1692944747545 1.5935104351822902 0
1692944747546 1.5888991657755196 0
1692944747546 1.584214236855954 0
1692944747547 1.5799840344855132 0
1692944747548 1.575593024968923 0
1692944747549 1.571134153502252 0
1692944747550 1.5667634037617675 0
1692944747550 1.56252077661176 0
1692944747551 1.5584039333857014 0
1692944747552 1.554243788680721 0
1692944747553 1.5502067036445266 0
1692944747554 1.546434117872914 0
1692944747554 1.5424599351619774 0
1692944747555 1.538812121724293 0
1692944747556 1.5350564607686095 0
1692944747557 1.5313017742175674 0
1692944747558 1.527613325862099 0
1692944747558 1.5239366213926944 0
1692944747559 1.5204558977703175 0
1692944747560 1.5169430502278796 0
1692944747561 1.5134393048915968 0
1692944747562 1.510127276351562 0
1692944747562 1.506787442106811 0
1692944747563 1.5035140705635308 0
1692944747564 1.5002809533341956 0
1692944747565 1.4969258639221557 0
1692944747566 1.4938687258307317 0
1692944747566 1.4907194951642584 0
1692944747567 1.487837277117613 0
1692944747568 1.4848612515881379 0
1692944747569 1.481999773500688 0
1692944747570 1.4790265290326492 0
1692944747570 1.4762617188499894 0
1692944747571 1.473396791509242 0
1692944747572 1.470686748324549 0
1692944747573 1.4678851120466192 0
1692944747574 1.4653055467523426 0
1692944747574 1.4626107344686454 0
1692944747575 1.4600048190059904 0
1692944747576 1.4574901862926755 0
1692944747577 1.4550255947703556 0
1692944747577 1.4524517986080538 0
1692944747578 1.4499979059893395 0
1692944747579 1.4476760990333768 0
1692944747580 1.445361941596177 0
1692944747581 1.4429305843447324 0
1692944747582 1.4407436059711227 0
1692944747583 1.4383907148690378 0
1692944747584 1.4360548717185095 0
1692944747585 1.4338017053577041 0
1692944747586 1.4315396270107505 0
1692944747587 1.4293549311401985 0
1692944747588 1.4271592469820613 0
1692944747589 1.425068231504177 0
1692944747590 1.4229775023246454 0
1692944747591 1.4207595828604629 0
