1692944840789 1.8422388896386719 0
1692944840790 1.78833513967638 0
1692944840791 1.73907178583709 0
1692944840793 1.6942051224911734 0
1692944840794 1.653565797053061 0
1692944840795 1.6125636492516267 0
1692944840796 1.575384845927585 0
1692944840798 1.5419594145304722 0
1692944840799 1.5116029199036414 0
1692944840800 1.4834654679416797 0
1692944840801 1.4576597995344212 0
1692944840802 1.4343787347566983 0
1692944840804 1.4128914097701566 0
1692944840805 1.3929219832817932 0
1692944840806 1.374720414081572 0
1692944840807 1.3578737932615745 0
1692944840809 1.341937235411001 0
1692944840810 1.3276261982570052 0
1692944840811 1.3142620652733246 0
1692944840812 1.3024534628320241 0
1692944840814 1.2910286263101503 0
1692944840815 1.279973527814284 0
1692944840816 1.2708540741297187 0
1692944840817 1.2624002498531566 0
1692944840818 1.2538225688974687 0
1692944840820 1.2461024180445917 0
1692944840821 1.2386559137060476 0
1692944840823 1.232123228063614 0
1692944840824 1.2252215818552994 0
1692944840834 1.2188538453915723 0
1692944840835 1.2130105111006733 0
1692944840836 1.2066076320714212 0
1692944840837 1.2008084160489683 0
1692944840839 1.1950022773830353 0
1692944840840 1.1897063087324198 0
1692944840841 1.185333615361257 0
1692944840842 1.1806873337279566 0
1692944840843 1.175852212119383 0
1692944840845 1.1716105383335178 0
1692944840853 1.1664966223213848 0
1692944840855 1.1627731175135163 0
1692944840856 1.159039533766033 0
1692944840857 1.1556662763486307 0
1692944840859 1.1521942176335835 0
1692944840861 1.148678613652241 0
1692944840862 1.1450123568308832 0
1692944840868 1.142430554947126 0
1692944840871 1.1393071251707285 0
1692944840872 1.1358806967914352 0
1692944840874 1.131916983326414 0
1692944840877 1.1289762274080217 0
1692944840878 1.126174817324566 0
1692944840883 1.1236973859548216 0
1692944840884 1.120723464016119 0
1692944840886 1.1177712141967922 0
1692944840887 1.1144509737969255 0
1692944840888 1.1118360988633034 0
1692944840890 1.1103831690121015 0
1692944840891 1.108303162222388 0
1692944840893 1.1066681522491173 0
1692944840894 1.1044397037864577 0
1692944840896 1.102245046450219 0
1692944840897 1.1007887118926016 0
1692944840898 1.0983644014191714 0
1692944840900 1.0956481113597778 0
1692944840901 1.0936294837038623 0
1692944840904 1.091647431117512 0
1692944840906 1.090566850470635 0
1692944840907 1.0886827102043717 0
1692944840908 1.0863054507904257 0
1692944840910 1.0847003685028371 0
1692944840911 1.0826398217561384 0
1692944840912 1.0810839461108852 0
1692944840914 1.079640436487361 0
1692944840915 1.0782504873324843 0
1692944840917 1.0766254579621437 0
1692944840918 1.0746487701480434 0
1692944840919 1.0737661470659945 0
1692944840921 1.0721363018551078 0
1692944840922 1.0706729098789054 0
1692944840924 1.0695351856221675 0
1692944840925 1.0673112735992927 0
1692944840926 1.0666061409450658 0
1692944840928 1.06502506421476 0
1692944840929 1.062705795654222 0
1692944840930 1.0606791235740107 0
1692944840932 1.0600158970435656 0
1692944840933 1.059001314798634 0
1692944840935 1.0579591577213154 0
1692944840936 1.0569648299385264 0
1692944840937 1.055469163446672 0
1692944840938 1.05354676067039 0
1692944840940 1.0521589965758187 0
1692944840941 1.0517274111491308 0
1692944840943 1.0507755377207055 0
1692944840944 1.0502219319175128 0
1692944840945 1.0483020523552777 0
1692944840946 1.0468926664342686 0
1692944840948 1.0456513489435528 0
1692944840949 1.044744304791647 0
