1692944753322 1.8916088492841057 0
1692944753323 1.883517653534152 0
1692944753324 1.8746449654250068 0
1692944753325 1.8659488438092338 0
1692944753326 1.8570836931348584 0
1692944753327 1.8477372871940665 0
1692944753328 1.8392350789153775 0
1692944753329 1.8308500236837562 0
1692944753330 1.8226618302701374 0
1692944753331 1.8139353010729191 0
1692944753332 1.8053824298067258 0
1692944753334 1.7976421351740655 0
1692944753335 1.7899776593923138 0
1692944753336 1.7824657066786185 0
1692944753337 1.7751032418239256 0
1692944753338 1.7678872900198412 0
1692944753339 1.7608112001729117 0
1692944753340 1.7541623984095156 0
1692944753341 1.7470449907767038 0
1692944753342 1.7398264667367047 0
1692944753343 1.732605887371869 0
1692944753344 1.726106132111762 0
1692944753346 1.7193073629818458 0
1692944753346 1.7124721115027182 0
1692944753347 1.7063076665660775 0
1692944753348 1.6997900351912174 0
1692944753349 1.6933239899053194 0
1692944753350 1.6876827901645046 0
1692944753350 1.681440460249379 0
1692944753351 1.6753198672741092 0
1692944753352 1.6692998439467495 0
1692944753353 1.6640438692229074 0
1692944753354 1.658176129966862 0
1692944753354 1.65243549613759 0
1692944753355 1.6469892637808816 0
1692944753356 1.6412811004045493 0
1692944753357 1.636146302538588 0
1692944753358 1.6307759388871357 0
1692944753358 1.625708171295145 0
1692944753359 1.620332096910771 0
1692944753360 1.615977382184996 0
1692944753361 1.6109552781804124 0
1692944753362 1.6058245501359352 0
1692944753363 1.6009659747024336 0
1692944753363 1.596442339345532 0
1692944753364 1.5915684296674475 0
1692944753365 1.586791510791957 0
1692944753366 1.5825315064600245 0
1692944753366 1.5779062576565157 0
1692944753367 1.573726122704642 0
1692944753368 1.5696744848847481 0
1692944753369 1.565343480108419 0
1692944753370 1.5611560797761868 0
1692944753370 1.5576455997775296 0
1692944753371 1.5535642417049935 0
1692944753372 1.5496310762718204 0
1692944753373 1.5458724534993418 0
1692944753374 1.5418539722114701 0
1692944753374 1.5382250127327775 0
1692944753375 1.534358987661673 0
1692944753376 1.5306456275691298 0
1692944753377 1.526884872726599 0
1692944753378 1.523243143131533 0
1692944753378 1.519877061303165 0
1692944753379 1.516569621008494 0
1692944753380 1.5130248065886274 0
1692944753381 1.5095716384606122 0
1692944753382 1.5061895162369254 0
1692944753382 1.5030106998909587 0
1692944753383 1.4998027073744362 0
1692944753384 1.4965826702518812 0
1692944753385 1.4936098113669947 0
1692944753386 1.4905054425399689 0
1692944753387 1.487342460522497 0
1692944753388 1.484244801402556 0
1692944753388 1.4817072021377324 0
1692944753389 1.4787359511488571 0
1692944753390 1.476232753623516 0
1692944753391 1.4733523413503302 0
1692944753392 1.470546140141723 0
1692944753393 1.4677214074565812 0
1692944753394 1.4647729864931265 0
1692944753395 1.462098821777422 0
1692944753396 1.4592532138922703 0
1692944753396 1.456614304881707 0
1692944753397 1.4541779891075113 0
1692944753398 1.451722081770592 0
1692944753399 1.4493571837744148 0
1692944753400 1.4470421190554847 0
1692944753400 1.4445361451359828 0
1692944753401 1.442131765257584 0
1692944753402 1.4398857219201733 0
1692944753403 1.4374834358429651 0
1692944753404 1.4353279597627986 0
1692944753404 1.4330386065139142 0
1692944753405 1.4309519317921704 0
1692944753406 1.428676243629756 0
1692944753407 1.4266280952040065 0
1692944753408 1.4244688275423314 0
1692944753408 1.4225221702464637 0
