1692944822465 1.8481186940136052 0
1692944822466 1.800427072236194 0
1692944822467 1.7564498467224616 0
1692944822468 1.7126085027440838 0
1692944822468 1.672500385297726 0
1692944822469 1.636265356190001 0
1692944822470 1.602816261752127 0
1692944822472 1.5726188716498444 0
1692944822472 1.5450849748398823 0
1692944822474 1.5196153769971688 0
1692944822474 1.4964273989800787 0
1692944822475 1.4755902352212162 0
1692944822476 1.4559751209629157 0
1692944822477 1.438671313057781 0
1692944822478 1.4220856612089479 0
1692944822479 1.4072254495973135 0
1692944822480 1.393116972526319 0
1692944822480 1.379997707987663 0
1692944822481 1.3678900959679967 0
1692944822482 1.356427893744329 0
1692944822483 1.3462869324107616 0
1692944822484 1.3365827224510656 0
1692944822484 1.3276334349144896 0
1692944822485 1.319097041771568 0
1692944822486 1.3112502719571724 0
1692944822487 1.304051290506286 0
1692944822488 1.2971873079436311 0
1692944822489 1.2905796127942655 0
1692944822490 1.284564491710162 0
1692944822490 1.2784643950348946 0
1692944822491 1.2725320862428948 0
1692944822492 1.2671347848432144 0
1692944822493 1.2624008918374376 0
1692944822494 1.257379337531988 0
1692944822495 1.253242619567215 0
1692944822495 1.2488663291306514 0
1692944822496 1.2451650184770482 0
1692944822497 1.2410244203392302 0
1692944822498 1.2373671454041246 0
1692944822499 1.2334369045523663 0
1692944822500 1.2293998044040453 0
1692944822501 1.2264115863651 0
1692944822502 1.2231777119493388 0
1692944822502 1.2201768961463069 0
1692944822503 1.217026642034966 0
1692944822504 1.2144820094713047 0
1692944822505 1.2113766489064617 0
1692944822506 1.2083268921117487 0
1692944822507 1.2062227802954002 0
1692944822507 1.2036651328482675 0
1692944822508 1.2013702060905564 0
1692944822509 1.1991303542195444 0
1692944822510 1.196598067107982 0
1692944822511 1.1941065443908454 0
1692944822512 1.1920265606324434 0
1692944822513 1.189899073641253 0
1692944822514 1.1880295268628158 0
1692944822514 1.186386388303179 0
1692944822515 1.1846169746064144 0
1692944822516 1.1825705961540374 0
1692944822517 1.180732512097854 0
1692944822518 1.1792509485208977 0
1692944822519 1.1776382190585757 0
1692944822519 1.1761121587135666 0
1692944822520 1.174886135704931 0
1692944822521 1.1735358524676758 0
1692944822522 1.1723622581221378 0
1692944822523 1.171029308840113 0
1692944822524 1.1699484575834127 0
1692944822525 1.1689063245480764 0
1692944822525 1.1668154914909736 0
1692944822526 1.165200940833333 0
1692944822527 1.1637873010794915 0
1692944822528 1.1624278973181137 0
1692944822529 1.1615052999186488 0
1692944822530 1.1600485994819951 0
1692944822530 1.158416443986122 0
1692944822531 1.1574801000589428 0
1692944822532 1.1567223905689192 0
1692944822533 1.1556102593812083 0
1692944822534 1.1547656265433037 0
1692944822535 1.1540027966542123 0
1692944822536 1.1523508662454771 0
1692944822537 1.1514504262900804 0
1692944822538 1.1503914959816004 0
1692944822539 1.1497114853060024 0
1692944822540 1.1484687243223606 0
1692944822540 1.1471991208646368 0
1692944822541 1.1456050200527823 0
1692944822542 1.1445405129727215 0
1692944822543 1.1432406324233522 0
1692944822544 1.1421349191280086 0
1692944822545 1.141120858227826 0
1692944822545 1.1400176381409262 0
1692944822546 1.138928927093757 0
1692944822547 1.1381083181035918 0
1692944822548 1.1369683158221855 0
1692944822549 1.1359029192557866 0
1692944822550 1.1345794979164623 0
1692944822551 1.1341095877083813 0
