1692944770532 1.8901457938314448 0
1692944770533 1.878932401995315 0
1692944770534 1.8695097143631 0
1692944770535 1.859394920635569 0
1692944770535 1.8494379985114506 0
1692944770536 1.838903002352994 0
1692944770537 1.8293433649044182 0
1692944770538 1.8198330382091155 0
1692944770539 1.810393269307507 0
1692944770540 1.8016604280300514 0
1692944770541 1.7920092560473775 0
1692944770542 1.783405845185282 0
1692944770542 1.7748356919378137 0
1692944770543 1.7663456178033967 0
1692944770544 1.7582869117048918 0
1692944770545 1.7501636685981135 0
1692944770546 1.7421839122082499 0
1692944770546 1.7337585051846922 0
1692944770547 1.725265645453217 0
1692944770548 1.7171972052653612 0
1692944770549 1.709401446896581 0
1692944770550 1.7014277737866959 0
1692944770550 1.6937331234254729 0
1692944770551 1.6862621768188872 0
1692944770552 1.6796369037066947 0
1692944770553 1.6723302525537698 0
1692944770554 1.6649719761906934 0
1692944770554 1.6577253249103279 0
1692944770555 1.6506961182933244 0
1692944770556 1.6437435309298234 0
1692944770557 1.6368821677904062 0
1692944770558 1.6314047540101104 0
1692944770559 1.6246409906456647 0
1692944770559 1.6184843096235182 0
1692944770560 1.612205691852102 0
1692944770561 1.6062551396284206 0
1692944770562 1.6000821270897154 0
1692944770563 1.5942320149122953 0
1692944770563 1.5885068960327224 0
1692944770564 1.5827176702200043 0
1692944770565 1.5769201942579338 0
1692944770566 1.5711706629528417 0
1692944770567 1.5657052158501104 0
1692944770568 1.560111223571962 0
1692944770568 1.5546935655862686 0
1692944770569 1.5493067357421502 0
1692944770570 1.5440961147914696 0
1692944770571 1.5390149275973968 0
1692944770572 1.5341192840798454 0
1692944770572 1.5292535106405363 0
1692944770573 1.5245325583884306 0
1692944770574 1.519830488972981 0
1692944770575 1.5150871218729431 0
1692944770576 1.510505955256179 0
1692944770577 1.5060061952713024 0
1692944770577 1.5016548143532642 0
1692944770578 1.4978423202681117 0
1692944770579 1.4936449846880977 0
1692944770580 1.4893389452962686 0
1692944770581 1.4854434209936016 0
1692944770581 1.4813615551934471 0
1692944770582 1.4772480635573455 0
1692944770583 1.473333977607045 0
1692944770584 1.4695543652155 0
1692944770585 1.4656873826134742 0
1692944770586 1.4618917357662837 0
1692944770587 1.4580965518987117 0
1692944770587 1.454398148322311 0
1692944770588 1.450819188459141 0
1692944770589 1.4473317746069512 0
1692944770590 1.4439901544541829 0
1692944770591 1.4406175670993895 0
1692944770592 1.4372692081469467 0
1692944770593 1.4339512430575354 0
1692944770593 1.430831833789733 0
1692944770594 1.4275459580409544 0
1692944770595 1.424386547000662 0
1692944770596 1.4211765624002648 0
1692944770597 1.4180986708746475 0
1692944770597 1.415261830401816 0
1692944770598 1.4122959984912966 0
1692944770599 1.4094468299602019 0
1692944770600 1.4065008986766692 0
1692944770601 1.4036197153478576 0
1692944770601 1.4010285417389574 0
1692944770602 1.3983200387390602 0
1692944770603 1.395713077440325 0
1692944770604 1.393025860629141 0
1692944770605 1.3903726482769638 0
1692944770606 1.3878131061051788 0
1692944770607 1.3851963916397902 0
1692944770608 1.3826864005692985 0
1692944770608 1.3803429831882519 0
1692944770609 1.377903463011829 0
1692944770610 1.375648020202562 0
1692944770611 1.373291392736484 0
1692944770612 1.3710046212670441 0
1692944770612 1.3687222150957052 0
1692944770613 1.3666310884062929 0
1692944770614 1.3643247659207989 0
