1692944789221 1.889255333637087 0
1692944789223 1.8779378159813143 0
1692944789224 1.866456882070973 0
1692944789225 1.855859920867454 0
1692944789227 1.8447391872801322 0
1692944789228 1.8338060215886234 0
1692944789229 1.8232025380754868 0
1692944789230 1.8126641456768304 0
1692944789231 1.8024595885396173 0
1692944789232 1.792354577126705 0
1692944789233 1.7823380862494405 0
1692944789234 1.7720264725142714 0
1692944789235 1.7624837972037208 0
1692944789236 1.7526503887350335 0
1692944789237 1.7435658335216868 0
1692944789238 1.7337800325168602 0
1692944789239 1.7244569704861417 0
1692944789240 1.7157697469299726 0
1692944789240 1.707194037054117 0
1692944789241 1.6988391083944072 0
1692944789242 1.6906331672585042 0
1692944789243 1.6823651309366414 0
1692944789244 1.674561966104724 0
1692944789245 1.6667692971308823 0
1692944789246 1.6592327620500993 0
1692944789247 1.6516840119200613 0
1692944789247 1.6440066907685287 0
1692944789248 1.6363621065982816 0
1692944789249 1.6285311736000874 0
1692944789250 1.6207245326294115 0
1692944789251 1.613542144574139 0
1692944789252 1.6063121896608048 0
1692944789253 1.5996641520334127 0
1692944789254 1.5928929762135895 0
1692944789255 1.5859177849154964 0
1692944789255 1.5791201138351554 0
1692944789256 1.5725270116531491 0
1692944789257 1.5660848951150632 0
1692944789258 1.5596599890234062 0
1692944789259 1.553740397368742 0
1692944789260 1.5475484566965096 0
1692944789261 1.5416519474658197 0
1692944789262 1.5359010951646386 0
1692944789262 1.5299494899260728 0
1692944789263 1.5241881911344908 0
1692944789264 1.5183954843889618 0
1692944789265 1.5128420921787729 0
1692944789266 1.5074666129352354 0
1692944789267 1.5019885068960106 0
1692944789268 1.4967357598990014 0
1692944789269 1.4912880083296116 0
1692944789270 1.486057452386543 0
1692944789271 1.4811589430247747 0
1692944789271 1.4758728849841691 0
1692944789272 1.4707269433794425 0
1692944789273 1.465961791341272 0
1692944789274 1.4614103267921759 0
1692944789275 1.456736064266925 0
1692944789276 1.4520749982743786 0
1692944789277 1.4475282655160786 0
1692944789278 1.4431490611046844 0
1692944789278 1.4389391364191493 0
1692944789279 1.4348867316929041 0
1692944789280 1.4305936929660836 0
1692944789281 1.4264120208638171 0
1692944789282 1.4222966707690194 0
1692944789283 1.4182127502373592 0
1692944789284 1.4141649593567445 0
1692944789285 1.4101182401277192 0
1692944789286 1.406227234814996 0
1692944789287 1.4023380533044953 0
1692944789287 1.3985544714451468 0
1692944789288 1.3948849166072372 0
1692944789289 1.3913980885276844 0
1692944789290 1.3879013980407822 0
1692944789291 1.3843341664193227 0
1692944789292 1.3809358964844491 0
1692944789293 1.377412213806806 0
1692944789294 1.37402106123303 0
1692944789295 1.3708098515842249 0
1692944789296 1.367730138542629 0
1692944789297 1.3645092526637876 0
1692944789298 1.3614764531205465 0
1692944789298 1.358416461582165 0
1692944789299 1.3553111597348868 0
1692944789300 1.3523116218764863 0
1692944789301 1.3493519208790463 0
1692944789302 1.3463502085732573 0
1692944789302 1.3434562946687578 0
1692944789303 1.340529822569295 0
1692944789304 1.3377339881673118 0
1692944789305 1.3349053162878273 0
1692944789306 1.332241185802649 0
1692944789306 1.329571135696477 0
1692944789307 1.3268629231613287 0
1692944789308 1.3242117812836025 0
1692944789309 1.321459559440126 0
1692944789310 1.3190845167993495 0
1692944789311 1.3166068976683634 0
1692944789311 1.3140587557026249 0
