1692944837030 1.8413294439323216 0
1692944837031 1.7875684296541698 0
1692944837032 1.7376033845445795 0
1692944837034 1.6931444936584503 0
1692944837035 1.6488090652522596 0
1692944837036 1.6085883325784072 0
1692944837037 1.5720516889862646 0
1692944837038 1.5386369104601103 0
1692944837040 1.508705787067093 0
1692944837041 1.480879302810423 0
1692944837042 1.4557177334689029 0
1692944837043 1.4330119744780316 0
1692944837044 1.4119737121623934 0
1692944837045 1.3922696734883595 0
1692944837047 1.3743169957683332 0
1692944837048 1.357860893270265 0
1692944837049 1.3426453358340646 0
1692944837050 1.3283633691641006 0
1692944837052 1.3155185973045238 0
1692944837053 1.303200626583284 0
1692944837054 1.2909727935132507 0
1692944837055 1.2805859871029663 0
1692944837056 1.2703816608407925 0
1692944837058 1.2614415711060494 0
1692944837059 1.252503460380479 0
1692944837060 1.2442572192420511 0
1692944837061 1.2368588021180666 0
1692944837063 1.229759425422569 0
1692944837064 1.2231558771717985 0
1692944837065 1.2168435935304918 0
1692944837066 1.2108798828028033 0
1692944837067 1.2054174123920502 0
1692944837069 1.1994158477152497 0
1692944837070 1.1939355403276803 0
1692944837071 1.188604122591688 0
1692944837072 1.1839012877282873 0
1692944837073 1.1795340945879738 0
1692944837075 1.1742097814737134 0
1692944837076 1.16971043799185 0
1692944837077 1.1660671054038552 0
1692944837078 1.1625143586046958 0
1692944837084 1.1584193271264946 0
1692944837085 1.1549092050922576 0
1692944837087 1.1511283281006983 0
1692944837088 1.147807138396968 0
1692944837089 1.1447644262211303 0
1692944837090 1.1419766588183176 0
1692944837091 1.139135112760788 0
1692944837092 1.1355915872836047 0
1692944837093 1.1326059485849118 0
1692944837095 1.1304628336738076 0
1692944837096 1.1279015727000903 0
1692944837097 1.1243262325292676 0
1692944837098 1.1220589375027337 0
1692944837100 1.1198018642048548 0
1692944837101 1.1169877655668885 0
1692944837102 1.1150972237850993 0
1692944837103 1.1126791344642042 0
1692944837105 1.1098450829166882 0
1692944837107 1.1071411358784378 0
1692944837108 1.1054757853551571 0
1692944837110 1.103922207020837 0
1692944837111 1.1015865728489052 0
1692944837112 1.099887094986581 0
1692944837113 1.0975429380560482 0
1692944837115 1.0962344532233057 0
1692944837116 1.094805435881036 0
1692944837117 1.0929602431723586 0
1692944837121 1.0908195749338705 0
1692944837122 1.0887493485056772 0
1692944837123 1.086407342389288 0
1692944837124 1.0852461977789776 0
1692944837126 1.0833560184492168 0
1692944837127 1.0820200606053256 0
1692944837128 1.0804781668301646 0
1692944837129 1.0789922934557568 0
1692944837131 1.0772450602531873 0
1692944837132 1.07601127407489 0
1692944837133 1.0747223880460515 0
1692944837134 1.073538413829327 0
1692944837136 1.0720247137689691 0
1692944837137 1.070783154961357 0
1692944837138 1.069031542948757 0
1692944837139 1.0679098758902406 0
1692944837140 1.0666687254441687 0
1692944837141 1.0651780142723766 0
1692944837141 1.064369081309919 0
1692944837142 1.0618669611866438 0
1692944837143 1.0611289122557355 0
1692944837144 1.0587534034969133 0
1692944837145 1.056692812711204 0
1692944837146 1.0560359929508665 0
1692944837147 1.054723034901055 0
1692944837147 1.0536107096799188 0
1692944837148 1.0526681059071354 0
1692944837149 1.0515190917243904 0
1692944837150 1.0495778630756136 0
1692944837151 1.0471844309941045 0
1692944837152 1.0459452980806658 0
1692944837152 1.0448033442490179 0
