1692944884943 1.7990602171951107 0
1692944884944 1.7063261122977695 0
1692944884945 1.6294784939947922 0
1692944884946 1.5711349430150154 0
1692944884946 1.5162876410938766 0
1692944884947 1.4715199877569038 0
1692944884948 1.4347113619367144 0
1692944884949 1.403159050415767 0
1692944884950 1.377596927727375 0
1692944884951 1.3544067896311638 0
1692944884952 1.3333557995367533 0
1692944884953 1.3151130366197985 0
1692944884954 1.3003136893095186 0
1692944884955 1.2868519947302859 0
1692944884956 1.2742026992307838 0
1692944884957 1.2637067390561159 0
1692944884958 1.2545650100646648 0
1692944884958 1.2466908904569247 0
1692944884959 1.237668025375639 0
1692944884960 1.22972665456962 0
1692944884961 1.2228803956713545 0
1692944884962 1.2169628288624361 0
1692944884963 1.210996383083575 0
1692944884964 1.2051096232264782 0
1692944884965 1.200943445580418 0
1692944884965 1.1970923325000367 0
1692944884966 1.191179557244201 0
1692944884967 1.1864318188346235 0
1692944884968 1.1826524129531037 0
1692944884969 1.1797347997902123 0
1692944884970 1.176990369247563 0
1692944884971 1.173264338481273 0
1692944884972 1.170108784552665 0
1692944884973 1.166696938311246 0
1692944884974 1.1648368333830066 0
1692944884974 1.1630045105870022 0
1692944884975 1.1590825399919469 0
1692944884976 1.156021395469858 0
1692944884977 1.1533338420969665 0
1692944884978 1.1515473096214999 0
1692944884979 1.1487923602355636 0
1692944884980 1.146343386928928 0
1692944884981 1.1439603348518 0
1692944884982 1.1419028675135858 0
1692944884982 1.1397169855944296 0
1692944884983 1.1362334598674266 0
1692944884984 1.1351942255559389 0
1692944884985 1.133205484088687 0
1692944884986 1.131810456705894 0
1692944884987 1.1292496307401902 0
1692944884988 1.1280406170304165 0
1692944884989 1.1273869948035034 0
1692944884990 1.124819067543759 0
1692944884991 1.1237398998328896 0
1692944884992 1.1215176287571653 0
1692944884993 1.1189303045924368 0
1692944884994 1.1181483263729726 0
1692944884994 1.116065887208039 0
1692944884995 1.1146763890836677 0
1692944884996 1.1128133028998242 0
1692944884997 1.1117698583900644 0
1692944884998 1.1112953367841911 0
1692944884999 1.1107179020790365 0
1692944885000 1.1087714381587728 0
1692944885001 1.108248002186631 0
1692944885001 1.1078871206475986 0
1692944885002 1.1057273537863264 0
1692944885003 1.1047224186046818 0
1692944885004 1.1044533438372497 0
1692944885005 1.1039542069053958 0
1692944885006 1.1023918113105386 0
1692944885007 1.1005460200252881 0
1692944885008 1.098431539009217 0
1692944885008 1.0964288459021783 0
1692944885009 1.0950806765535646 0
1692944885010 1.0936014809553765 0
1692944885011 1.0926809773339519 0
1692944885012 1.0911670065477164 0
1692944885013 1.08924030300904 0
1692944885014 1.0888067428329231 0
1692944885015 1.088477181326597 0
1692944885016 1.0868888312574758 0
1692944885017 1.0852856056494118 0
1692944885018 1.0847758853340674 0
1692944885019 1.0841014303240117 0
1692944885020 1.083397091557422 0
1692944885020 1.081799908202268 0
1692944885021 1.0801935267966558 0
1692944885022 1.0789847651128244 0
1692944885023 1.0774051189885554 0
1692944885024 1.0758324350863304 0
1692944885025 1.0746401433627029 0
1692944885026 1.0729853168820647 0
1692944885029 1.0720170449114321 0
1692944885030 1.0718026270302234 0
1692944885032 1.0704739094385012 0
1692944885033 1.069173312296726 0
1692944885035 1.067543897731215 0
1692944885036 1.0669532574003253 0
1692944885037 1.065252949076448 0
