1692944756609 1.8912660986904255 0
1692944756611 1.8819201854249357 0
1692944756612 1.8728021858570663 0
1692944756612 1.8639030920352775 0
1692944756613 1.8551810901805426 0
1692944756614 1.8468085041177384 0
1692944756615 1.8382173015789494 0
1692944756616 1.8298419745334364 0
1692944756617 1.8229195216554854 0
1692944756618 1.8148386087349302 0
1692944756619 1.8078465026432136 0
1692944756620 1.7993917121602416 0
1692944756620 1.7916881694956635 0
1692944756621 1.7836305381235273 0
1692944756622 1.7755949386680931 0
1692944756623 1.768306127578229 0
1692944756623 1.761180648682793 0
1692944756624 1.754026876437386 0
1692944756625 1.7467865008510675 0
1692944756626 1.7395770759514686 0
1692944756627 1.7337596373001452 0
1692944756628 1.7267493704246786 0
1692944756628 1.720336188556966 0
1692944756629 1.713566547636946 0
1692944756630 1.7069860901217395 0
1692944756631 1.7003628651811173 0
1692944756632 1.694504246902765 0
1692944756633 1.688677310999541 0
1692944756634 1.6825971701389748 0
1692944756635 1.6771540868769201 0
1692944756636 1.6715222575541209 0
1692944756637 1.6660403648119206 0
1692944756638 1.6601400727493532 0
1692944756639 1.6549966031312657 0
1692944756640 1.6493815769810218 0
1692944756641 1.6438780404570579 0
1692944756642 1.638487265717657 0
1692944756643 1.633343683779495 0
1692944756644 1.6278002018006161 0
1692944756645 1.622576164665854 0
1692944756646 1.617368320048243 0
1692944756647 1.6126898253298445 0
1692944756648 1.6077494072424086 0
1692944756649 1.6028040573959363 0
1692944756650 1.5980039453798869 0
1692944756652 1.5936303335404407 0
1692944756653 1.5890506195749448 0
1692944756654 1.5842629074227412 0
1692944756655 1.5795704707423663 0
1692944756656 1.5752488979595578 0
1692944756657 1.5711931025510504 0
1692944756658 1.5667195889190317 0
1692944756660 1.5623350982082902 0
1692944756661 1.5583598939817247 0
1692944756662 1.5545889655179888 0
1692944756663 1.550525289871467 0
1692944756664 1.5466007721261528 0
1692944756665 1.5429085634814252 0
1692944756667 1.5391713783885534 0
1692944756668 1.5354917697354145 0
1692944756669 1.5318211355586548 0
1692944756671 1.5282045303550162 0
1692944756672 1.5245233150110986 0
1692944756673 1.5210623139396438 0
1692944756673 1.517707808984264 0
1692944756674 1.5145263806334543 0
1692944756675 1.5112311919222259 0
1692944756676 1.508019357368963 0
1692944756678 1.5045922973772192 0
1692944756682 1.5013901186091587 0
1692944756683 1.4983345748273549 0
1692944756684 1.495337320732593 0
1692944756685 1.4922046185861926 0
1692944756686 1.4895658356818486 0
1692944756687 1.4867519593445173 0
1692944756688 1.483703279856767 0
1692944756690 1.4809032358461964 0
1692944756691 1.4782113308749647 0
1692944756692 1.4751505742123827 0
1692944756694 1.4726776937601944 0
1692944756695 1.4699523337137637 0
1692944756697 1.4671025988171444 0
1692944756698 1.4642982241130167 0
1692944756700 1.4616761904441595 0
1692944756701 1.458987419119752 0
1692944756703 1.4565909823568803 0
1692944756705 1.4544766738583916 0
1692944756706 1.452118345185798 0
1692944756708 1.4495896886843 0
1692944756709 1.4472052557799298 0
1692944756710 1.4449511313356023 0
1692944756712 1.442455791948512 0
1692944756713 1.4400490455448236 0
1692944756715 1.437538107852181 0
1692944756716 1.4351336036523736 0
1692944756717 1.4328368485238017 0
1692944756719 1.4307301819374854 0
1692944756720 1.4286420700351172 0
1692944756721 1.4264695235773839 0
1692944756722 1.424300646690153 0
