1692944793790 1.887346580897188 0
1692944793791 1.8741873476802975 0
1692944793792 1.8612857197686181 0
1692944793793 1.8486023757375332 0
1692944793793 1.8362024885124666 0
1692944793794 1.8240119605763552 0
1692944793795 1.8120923899458452 0
1692944793796 1.8003934771276568 0
1692944793798 1.7888123284129 0
1692944793798 1.7774236152167595 0
1692944793799 1.7663420466137043 0
1692944793800 1.7553451512778395 0
1692944793801 1.7445327396756263 0
1692944793802 1.7339360198796605 0
1692944793803 1.7235979739859868 0
1692944793803 1.7133515897857745 0
1692944793804 1.7032727469431257 0
1692944793805 1.6935143153927494 0
1692944793806 1.6838250073334213 0
1692944793807 1.6743555304880668 0
1692944793807 1.665065860989205 0
1692944793808 1.6559814475746324 0
1692944793809 1.64703160665543 0
1692944793810 1.6383018853056825 0
1692944793811 1.6296031346178006 0
1692944793812 1.6211543265074857 0
1692944793812 1.612716875910331 0
1692944793813 1.6045912085602005 0
1692944793814 1.5959031741036305 0
1692944793815 1.5873829386784062 0
1692944793816 1.579033910761821 0
1692944793816 1.57084610190604 0
1692944793817 1.5628225444771695 0
1692944793818 1.55495093986967 0
1692944793819 1.5472333101269677 0
1692944793820 1.539667525975673 0
1692944793820 1.5322709913987418 0
1692944793821 1.5250201175665958 0
1692944793822 1.5178868595709942 0
1692944793823 1.510889898763959 0
1692944793824 1.5040239578028445 0
1692944793825 1.4972921233853524 0
1692944793825 1.4907159127451763 0
1692944793826 1.4842432977144433 0
1692944793827 1.4779195931385787 0
1692944793828 1.4716630973096572 0
1692944793829 1.4655510277072454 0
1692944793830 1.4595392186866099 0
1692944793830 1.4536115364106985 0
1692944793831 1.4476255226488337 0
1692944793832 1.4419763047693253 0
1692944793833 1.4362191147447636 0
1692944793834 1.4305905351435229 0
1692944793834 1.4252241132520775 0
1692944793835 1.4198221767141823 0
1692944793836 1.4146041071699127 0
1692944793837 1.409398509980996 0
1692944793838 1.4043464694205736 0
1692944793839 1.3993541076465974 0
1692944793839 1.3944244340420944 0
1692944793840 1.3896896009518904 0
1692944793841 1.3848830693334144 0
1692944793842 1.3801955580985479 0
1692944793843 1.3756804671290765 0
1692944793843 1.371162825093012 0
1692944793844 1.3668308844371295 0
1692944793845 1.3624658776809002 0
1692944793846 1.3581958493473372 0
1692944793847 1.3540823356349525 0
1692944793848 1.3499486562549747 0
1692944793848 1.3459006985904414 0
1692944793849 1.3419986522287224 0
1692944793850 1.338049151439949 0
1692944793851 1.3341624070479792 0
1692944793852 1.3302692009230377 0
1692944793852 1.3265037172164957 0
1692944793853 1.3225474991342314 0
1692944793854 1.3189647840191883 0
1692944793855 1.315411429470373 0
1692944793856 1.3116545094730458 0
1692944793856 1.308212857071339 0
1692944793857 1.3046246819625467 0
1692944793858 1.3011672101320821 0
1692944793859 1.2976298073754056 0
1692944793860 1.2943211710310583 0
1692944793861 1.2910774450163172 0
1692944793862 1.2879366204148432 0
1692944793863 1.2846213768797727 0
1692944793864 1.2815214140874238 0
1692944793865 1.2784531817242502 0
1692944793866 1.275298581120333 0
1692944793867 1.272305047257373 0
1692944793867 1.2694143643480322 0
1692944793868 1.2664044243069303 0
1692944793869 1.263249148097948 0
1692944793870 1.2601293564084328 0
1692944793871 1.2572674766138676 0
1692944793871 1.2544297523674222 0
1692944793872 1.2514288089310168 0
1692944793873 1.2487001437787852 0
