1692944919955 1.7742794892630442 0
1692944919956 1.669150171994618 0
1692944919957 1.576416205919558 0
1692944919958 1.5029112211486877 0
1692944919958 1.4379609550827606 0
1692944919959 1.3848985492049617 0
1692944919960 1.3370541848161828 0
1692944919961 1.2981668051963346 0
1692944919962 1.2636735859426687 0
1692944919963 1.2350971861451026 0
1692944919964 1.2101563600204837 0
1692944919965 1.1886823497625667 0
1692944919966 1.1680452390448 0
1692944919967 1.151202042380382 0
1692944919968 1.1365760662577395 0
1692944919969 1.123950935812331 0
1692944919970 1.1101790646752123 0
1692944919971 1.0981469803744668 0
1692944919971 1.087763684779922 0
1692944919972 1.077921337039116 0
1692944919973 1.0679960474209778 0
1692944919974 1.0596694297972182 0
1692944919975 1.0505248278003014 0
1692944919976 1.0439390161651476 0
1692944919977 1.0370883668318829 0
1692944919978 1.0327488812569756 0
1692944919979 1.0263738082710703 0
1692944919980 1.0196477595682858 0
1692944919981 1.0137397066343183 0
1692944919981 1.0073005695417263 0
1692944919982 1.0039769471331759 0
1692944919983 0.9999003987932364 0
1692944919984 0.9920018826268319 0
1692944919985 0.9864342377669529 0
1692944919986 0.9818822072351077 0
1692944919987 0.9779142389157871 0
1692944919988 0.9744753501203199 0
1692944919989 0.9715766926525533 0
1692944919990 0.966825426024151 0
1692944919991 0.9615526241866519 0
1692944919992 0.9572535307352573 0
1692944919993 0.9537982871810178 0
1692944919994 0.9491946936007427 0
1692944919995 0.9449282528007438 0
1692944919996 0.9404985940620916 0
1692944919996 0.9368602386688438 0
1692944919997 0.9313380634067134 0
1692944919998 0.9275071307935233 0
1692944919999 0.9246787522002773 0
1692944920000 0.9212322783568206 0
1692944920001 0.9172308491501504 0
1692944920002 0.9163733136333085 0
1692944920003 0.9135154079412525 0
1692944920004 0.9096716820098442 0
1692944920005 0.9093045079454872 0
1692944920005 0.9070037910308875 0
1692944920006 0.9066799630174586 0
1692944920007 0.9028241748258796 0
1692944920008 0.9026508668227272 0
1692944920009 0.9007967850044155 0
1692944920010 0.9001991933214573 0
1692944920011 0.8940294898793817 0
1692944920012 0.8899879395507023 0
1692944920013 0.8877939365056564 0
1692944920014 0.883252345412024 0
1692944920015 0.8830276500304767 0
1692944920016 0.8829060229739142 0
1692944920017 0.8798227700184674 0
1692944920018 0.8743904851228242 0
1692944920019 0.8724639979409612 0
1692944920019 0.8685551004681347 0
1692944920020 0.8658077905968743 0
1692944920021 0.8628064704183495 0
1692944920022 0.8603348117310122 0
1692944920023 0.8568025504400635 0
1692944920024 0.8541563354978617 0
1692944920025 0.8538277654210614 0
1692944920026 0.8514183568670692 0
1692944920027 0.8487873403795538 0
1692944920028 0.8476190597096767 0
1692944920029 0.8472571404301508 0
1692944920030 0.8453564987603542 0
1692944920031 0.8400946186933451 0
1692944920032 0.8385951890110954 0
1692944920032 0.8365047868234219 0
1692944920033 0.8344002718416857 0
1692944920034 0.8340988537903665 0
1692944920035 0.8328694934722796 0
1692944920036 0.8294545467392954 0
1692944920037 0.8263031975333774 0
1692944920038 0.8236372170885607 0
1692944920039 0.821075620686521 0
1692944920040 0.8184359161693684 0
1692944920041 0.8170786749891814 0
1692944920041 0.8168380623828557 0
1692944920042 0.8151074381719502 0
1692944920043 0.8140116404770029 0
1692944920044 0.8108317231153428 0
1692944920045 0.80801311646956 0
1692944920046 0.8071375897127219 0
