1692944907484 1.7879726112429137 0
1692944907485 1.6908149785826037 0
1692944907486 1.6137281113173025 0
1692944907487 1.5461883188700538 0
1692944907487 1.488835689703815 0
1692944907488 1.4403671153078546 0
1692944907490 1.3982620465405189 0
1692944907490 1.3624948485808113 0
1692944907492 1.332807485566015 0
1692944907493 1.3071795391903076 0
1692944907494 1.2843662172872035 0
1692944907494 1.2646603985950837 0
1692944907495 1.2477070666982046 0
1692944907496 1.2341793823945921 0
1692944907497 1.2208598075770807 0
1692944907498 1.2062681889866043 0
1692944907499 1.196293146381727 0
1692944907501 1.1858975587945588 0
1692944907502 1.1763024318743356 0
1692944907503 1.1674203790573408 0
1692944907504 1.158838594749105 0
1692944907505 1.1518434966941364 0
1692944907505 1.147407688097375 0
1692944907506 1.1413690738460727 0
1692944907507 1.1357339129093085 0
1692944907508 1.1302293957872582 0
1692944907509 1.1260885161713952 0
1692944907510 1.1219089171548395 0
1692944907511 1.117723497341567 0
1692944907512 1.1137372313275646 0
1692944907513 1.1087189387980798 0
1692944907514 1.1035138123675183 0
1692944907514 1.101373040077706 0
1692944907515 1.097517211792286 0
1692944907516 1.0952136162728274 0
1692944907517 1.0933214276466843 0
1692944907518 1.0883680299400014 0
1692944907519 1.0848943949856744 0
1692944907520 1.0817504220415708 0
1692944907521 1.0782980033187073 0
1692944907522 1.0760032102617936 0
1692944907522 1.0751615123340594 0
1692944907523 1.0716880225182301 0
1692944907524 1.069005383259576 0
1692944907525 1.066392953398842 0
1692944907526 1.0642181369099835 0
1692944907527 1.0625706254499991 0
1692944907528 1.0602624004296148 0
1692944907529 1.0586699532122454 0
1692944907530 1.056532047714014 0
1692944907530 1.0530555884348294 0
1692944907531 1.0516879547691473 0
1692944907532 1.0512824838050734 0
1692944907533 1.050083081249925 0
1692944907534 1.0478414342474645 0
1692944907535 1.0462231412598382 0
1692944907536 1.0428135098099542 0
1692944907537 1.0423538318578194 0
1692944907538 1.0394027445910639 0
1692944907539 1.0388409855206742 0
1692944907539 1.0372234034373502 0
1692944907540 1.0348755120670847 0
1692944907541 1.0326031594617424 0
1692944907542 1.0316775754716887 0
1692944907543 1.0297498427643366 0
1692944907544 1.0289570611861079 0
1692944907545 1.0270174627081825 0
1692944907546 1.0265145797513922 0
1692944907547 1.0252386205516646 0
1692944907547 1.0240877751182251 0
1692944907548 1.0219336196680096 0
1692944907549 1.020719739786359 0
1692944907550 1.018400364608575 0
1692944907551 1.0180287839947824 0
1692944907552 1.0159339408609394 0
1692944907553 1.0137173899439795 0
1692944907554 1.0106922500857547 0
1692944907555 1.0070159880725793 0
1692944907556 1.0059135585412906 0
1692944907557 1.0039682467807503 0
1692944907558 1.0009615348484475 0
1692944907559 0.9994855683816518 0
1692944907560 0.9969717529246355 0
1692944907561 0.9944065903124989 0
1692944907562 0.9915737292894078 0
1692944907563 0.988622283413262 0
1692944907564 0.9874072922033726 0
1692944907565 0.9866376226266175 0
1692944907566 0.9841958069248942 0
1692944907566 0.9825091581705305 0
1692944907567 0.9812432703309507 0
1692944907568 0.978780933558382 0
1692944907569 0.978719790406984 0
1692944907570 0.9765808732444227 0
1692944907571 0.9736443994641066 0
1692944907572 0.9711900393712056 0
1692944907573 0.9711440778987093 0
1692944907574 0.9693278428875444 0
1692944907575 0.9671625441178593 0
1692944907576 0.9654464076304802 0
