1692944900240 1.77747101744663 0
1692944900242 1.682483280810766 0
1692944900243 1.6034375104528993 0
1692944900245 1.5380918655308333 0
1692944900246 1.479536444892294 0
1692944900247 1.4300306854011375 0
1692944900249 1.3881461879517263 0
1692944900250 1.3520586034578286 0
1692944900252 1.3225085504142828 0
1692944900253 1.297931303337451 0
1692944900254 1.277258843500957 0
1692944900255 1.2573799347862151 0
1692944900256 1.2419318534514656 0
1692944900257 1.2257657255574816 0
1692944900258 1.2141396608957309 0
1692944900259 1.2021480760309085 0
1692944900260 1.1917540267775064 0
1692944900261 1.1813068904446817 0
1692944900261 1.173817040933051 0
1692944900262 1.166053983255732 0
1692944900263 1.159241655105954 0
1692944900264 1.151577275325712 0
1692944900265 1.1448702518279803 0
1692944900266 1.1378589214284234 0
1692944900268 1.132904305932436 0
1692944900269 1.128500891142173 0
1692944900270 1.1240950734633672 0
1692944900271 1.1193641590007457 0
1692944900272 1.1138497817847044 0
1692944900273 1.1088656949563078 0
1692944900273 1.1049394942701853 0
1692944900274 1.1019479787530195 0
1692944900275 1.0969777116169679 0
1692944900276 1.092760793509542 0
1692944900277 1.0872618107259677 0
1692944900278 1.0845923982293577 0
1692944900279 1.0823077604332456 0
1692944900280 1.0786377050873313 0
1692944900281 1.0756571989455195 0
1692944900281 1.0706622377373856 0
1692944900282 1.067357876908067 0
1692944900283 1.0646972958974745 0
1692944900284 1.0615219841473924 0
1692944900285 1.0585046838386951 0
1692944900286 1.0540706119250378 0
1692944900287 1.0520095556628362 0
1692944900288 1.0493806871306395 0
1692944900289 1.0448053456301858 0
1692944900290 1.0434367282897943 0
1692944900291 1.0416152542577584 0
1692944900292 1.0377598971012316 0
1692944900292 1.0358309642018755 0
1692944900293 1.0345980161987771 0
1692944900294 1.0321690131930994 0
1692944900295 1.0299491027284324 0
1692944900296 1.0285234612280243 0
1692944900297 1.025274996347535 0
1692944900298 1.0247295643003458 0
1692944900299 1.023505528480246 0
1692944900299 1.0191731198231764 0
1692944900300 1.0157343043151315 0
1692944900301 1.0139964279840479 0
1692944900302 1.0131964475784316 0
1692944900303 1.0102245663312357 0
1692944900304 1.0065270790001828 0
1692944900305 1.005996148917756 0
1692944900306 1.0056071574114922 0
1692944900307 1.0050938608652311 0
1692944900308 1.0038178636895292 0
1692944900309 1.0034873047960697 0
1692944900310 0.9997123496788877 0
1692944900311 0.9982214406503959 0
1692944900312 0.9958629263694075 0
1692944900313 0.9951078199760994 0
1692944900314 0.9929525364295978 0
1692944900314 0.9894802478031652 0
1692944900315 0.9866023286656743 0
1692944900316 0.9839565914332051 0
1692944900317 0.9826284485788735 0
1692944900318 0.9822397319943384 0
1692944900319 0.9809034423119867 0
1692944900320 0.9803542828106444 0
1692944900321 0.9785270351761913 0
1692944900322 0.9781254593448192 0
1692944900322 0.9762849881881575 0
1692944900323 0.9734116633709714 0
1692944900324 0.9713499102849181 0
1692944900325 0.970967153816942 0
1692944900326 0.9694836823701136 0
1692944900327 0.9676381511482259 0
1692944900328 0.9674972262718066 0
1692944900329 0.965077451594285 0
1692944900331 0.9634578373697894 0
1692944900332 0.9611380891109662 0
1692944900332 0.960712510229589 0
1692944900333 0.9601489566704274 0
1692944900334 0.9577178084910407 0
1692944900335 0.9567324380899676 0
1692944900336 0.9535243455148715 0
1692944900337 0.951738495971481 0
