1692944785788 1.8893943147100665 0
1692944785789 1.877041743133178 0
1692944785790 1.865841271187052 0
1692944785791 1.8551959189509297 0
1692944785792 1.8443734961683236 0
1692944785793 1.8337007079794774 0
1692944785794 1.8228697436395125 0
1692944785795 1.8123437007484908 0
1692944785796 1.8018869524251722 0
1692944785797 1.791728275707285 0
1692944785798 1.781666808672471 0
1692944785799 1.7718923475789419 0
1692944785799 1.7622267209769031 0
1692944785800 1.7528357501334793 0
1692944785801 1.7435102773256188 0
1692944785802 1.7344779371298031 0
1692944785803 1.7253778983192023 0
1692944785804 1.7165097209441726 0
1692944785804 1.7078355215730037 0
1692944785805 1.6991615153443174 0
1692944785806 1.6904124910917901 0
1692944785807 1.682195284249641 0
1692944785808 1.6734466779231547 0
1692944785808 1.6648671571285591 0
1692944785809 1.6572760317509345 0
1692944785810 1.6489934216824909 0
1692944785811 1.6410050468374762 0
1692944785812 1.6330093224046527 0
1692944785813 1.6251614485135384 0
1692944785813 1.6173781106626413 0
1692944785814 1.609696741037462 0
1692944785815 1.60228034955306 0
1692944785816 1.5952867234191335 0
1692944785817 1.5881841990903829 0
1692944785818 1.5816694657889716 0
1692944785818 1.5746684406179163 0
1692944785819 1.5680372673071679 0
1692944785820 1.561439501869323 0
1692944785821 1.5549706435914061 0
1692944785822 1.548491292250903 0
1692944785823 1.5422367678769746 0
1692944785823 1.5359399148087236 0
1692944785824 1.529851697292283 0
1692944785825 1.5239601948332937 0
1692944785826 1.5182039824889042 0
1692944785827 1.5125344530307554 0
1692944785827 1.5069292288512417 0
1692944785828 1.5012745837403052 0
1692944785829 1.4957654869375343 0
1692944785830 1.4904543567399193 0
1692944785831 1.4852220504410507 0
1692944785831 1.4799994008281943 0
1692944785832 1.4752166373812043 0
1692944785833 1.4702318783792891 0
1692944785834 1.4652496776273363 0
1692944785835 1.4603496606493294 0
1692944785836 1.455520671861547 0
1692944785836 1.4508299466074377 0
1692944785837 1.4462270579657848 0
1692944785838 1.4417193755406499 0
1692944785839 1.4372552217336871 0
1692944785840 1.4329295552938062 0
1692944785840 1.4286372032424959 0
1692944785841 1.4244219863132994 0
1692944785842 1.4202764594215553 0
1692944785843 1.4164348843248127 0
1692944785844 1.4123844982659715 0
1692944785844 1.408418638541782 0
1692944785845 1.4045367445125683 0
1692944785846 1.4007387155873805 0
1692944785847 1.3969584503244707 0
1692944785848 1.3933903707578006 0
1692944785849 1.38974421121982 0
1692944785849 1.3861334309749989 0
1692944785850 1.3826232766405522 0
1692944785851 1.3790195515727157 0
1692944785852 1.3756232181110153 0
1692944785853 1.372225977311015 0
1692944785853 1.3688320444501298 0
1692944785854 1.3655440539451131 0
1692944785855 1.362298644959031 0
1692944785856 1.359225318434234 0
1692944785857 1.3560902105512531 0
1692944785858 1.352894395765583 0
1692944785859 1.349952052659989 0
1692944785860 1.3469889694039257 0
1692944785861 1.3440242618639366 0
1692944785862 1.3410319923107716 0
1692944785862 1.3381524049143256 0
1692944785863 1.3353513122157727 0
1692944785864 1.3324657424665718 0
1692944785865 1.3297567448675516 0
1692944785866 1.3268634431034112 0
1692944785867 1.3240916444554496 0
1692944785868 1.3214909516665367 0
1692944785868 1.3190142566154806 0
1692944785869 1.3164577159431845 0
1692944785870 1.3139977539663226 0
1692944785871 1.3116107216989308 0
1692944785872 1.3092294863060003 0
