1692944801919 1.8876564234212179 0
1692944801920 1.8747410123954051 0
1692944801921 1.8621746208829233 0
1692944801922 1.849686284212482 0
1692944801923 1.8375033311321447 0
1692944801924 1.8252928766833751 0
1692944801924 1.813287597418089 0
1692944801925 1.8010027130024828 0
1692944801927 1.7892326104932859 0
1692944801928 1.7778602294554735 0
1692944801929 1.7667307176556748 0
1692944801930 1.7558871775744687 0
1692944801930 1.7451755684202173 0
1692944801931 1.7349028674965299 0
1692944801932 1.7245548748492292 0
1692944801933 1.7143253235273292 0
1692944801934 1.7036300831199256 0
1692944801934 1.6933907789877292 0
1692944801935 1.6839289014122953 0
1692944801936 1.673862698959873 0
1692944801937 1.6646290084823967 0
1692944801938 1.6551520920394216 0
1692944801938 1.646218781967006 0
1692944801939 1.6367668575304937 0
1692944801940 1.627593072898523 0
1692944801941 1.619266115274769 0
1692944801942 1.6109260096143758 0
1692944801943 1.6028768582374 0
1692944801943 1.5950141909450657 0
1692944801944 1.5870342264474615 0
1692944801945 1.5793675696747056 0
1692944801946 1.57162070424755 0
1692944801947 1.5642993820207989 0
1692944801948 1.5569333030474304 0
1692944801949 1.5490540593394218 0
1692944801949 1.5418961505429558 0
1692944801950 1.534833153489109 0
1692944801951 1.5278144310015784 0
1692944801952 1.5210501991540673 0
1692944801953 1.5145161337880277 0
1692944801953 1.5075285523490494 0
1692944801954 1.5006512874806976 0
1692944801955 1.4939813010664802 0
1692944801956 1.487234452776955 0
1692944801957 1.480610908889805 0
1692944801958 1.4741896471559754 0
1692944801958 1.467925647108493 0
1692944801959 1.4617071222411493 0
1692944801960 1.4557512027050763 0
1692944801961 1.4497856571841479 0
1692944801962 1.4438489366509437 0
1692944801963 1.4382059089142423 0
1692944801963 1.4327163577769049 0
1692944801964 1.4270756377878564 0
1692944801965 1.4216870255124776 0
1692944801966 1.4161854495393582 0
1692944801967 1.4109670707229056 0
1692944801967 1.405685775228683 0
1692944801968 1.4005608782862116 0
1692944801969 1.3954755817523297 0
1692944801970 1.3904941002832047 0
1692944801971 1.385594421053023 0
1692944801972 1.380806935695396 0
1692944801972 1.3760115188447417 0
1692944801973 1.3712960096969002 0
1692944801974 1.3667784873242887 0
1692944801975 1.3623183027215158 0
1692944801976 1.3579641695897864 0
1692944801977 1.3536054670121445 0
1692944801977 1.349477177320933 0
1692944801978 1.3452567203228327 0
1692944801979 1.3411062562698173 0
1692944801980 1.3371114425211958 0
1692944801981 1.3331339134986364 0
1692944801982 1.329210846402583 0
1692944801982 1.3254878404431605 0
1692944801983 1.3216500826660542 0
1692944801985 1.3178894960329495 0
1692944801986 1.3142710507879392 0
1692944801987 1.3105339363282802 0
1692944801988 1.3068507455828555 0
1692944801988 1.3032502300084732 0
1692944801989 1.2996260611569734 0
1692944801991 1.2961390964904937 0
1692944801992 1.2929237413709276 0
1692944801993 1.2896540301642387 0
1692944801994 1.2865339836476803 0
1692944801995 1.2832176217402869 0
1692944801996 1.2801745954692767 0
1692944801997 1.276978323015337 0
1692944801997 1.273843226477331 0
1692944801998 1.2707598822891837 0
1692944801999 1.2678591386191984 0
1692944802000 1.2648956111020477 0
1692944802001 1.2619745363969095 0
1692944802002 1.259015763675766 0
1692944802002 1.2560872248381107 0
1692944802003 1.2532456680081194 0
1692944802004 1.2505134009553485 0
1692944802005 1.2478377905763107 0
