1692944826301 1.8481541343071985 0
1692944826302 1.79995606258808 0
1692944826303 1.7566626569643196 0
1692944826304 1.7126698013871935 0
1692944826305 1.6726094738452262 0
1692944826306 1.6363559072036231 0
1692944826307 1.6031985899847632 0
1692944826308 1.5734839888634022 0
1692944826309 1.5456839668884081 0
1692944826310 1.5201414947973724 0
1692944826310 1.4983848824874182 0
1692944826311 1.4771730131496794 0
1692944826312 1.4589760078066984 0
1692944826313 1.4408797794966195 0
1692944826314 1.4239747085295644 0
1692944826315 1.4085094816661596 0
1692944826316 1.394309111873123 0
1692944826317 1.3810220680253495 0
1692944826317 1.3688789883452106 0
1692944826318 1.3579905633886067 0
1692944826319 1.3476377697274189 0
1692944826320 1.3378501965773144 0
1692944826321 1.3282317304727809 0
1692944826322 1.3201734364072113 0
1692944826322 1.3125044158292742 0
1692944826323 1.3053234519905643 0
1692944826324 1.298299315536005 0
1692944826325 1.291645872081203 0
1692944826326 1.2860655243969665 0
1692944826327 1.2797570512907719 0
1692944826327 1.2740561171423013 0
1692944826328 1.2688008452540938 0
1692944826329 1.2633625474926389 0
1692944826330 1.2588615727145422 0
1692944826331 1.2540111195278076 0
1692944826332 1.2499036535164814 0
1692944826332 1.2456828484235463 0
1692944826333 1.2416056948695338 0
1692944826334 1.2376736311388383 0
1692944826335 1.2339306395098013 0
1692944826336 1.2303126395409645 0
1692944826337 1.2270007209548626 0
1692944826337 1.2237866439110554 0
1692944826338 1.2206292405485102 0
1692944826339 1.2172591231101262 0
1692944826340 1.2142968566404093 0
1692944826341 1.2115606447225047 0
1692944826342 1.2085671411306829 0
1692944826343 1.2066149915080209 0
1692944826343 1.2031784675386625 0
1692944826344 1.2013047970233446 0
1692944826345 1.1988804141146314 0
1692944826346 1.1968713820488077 0
1692944826347 1.194651459575856 0
1692944826348 1.1931989456859278 0
1692944826348 1.1911363915812654 0
1692944826349 1.1891261895763516 0
1692944826350 1.18709051903721 0
1692944826351 1.1851905248358827 0
1692944826352 1.1837403823834765 0
1692944826353 1.1821895557863542 0
1692944826353 1.1807372196259156 0
1692944826354 1.1789886639068958 0
1692944826356 1.1772441983592365 0
1692944826357 1.1754240518418275 0
1692944826358 1.174034412610016 0
1692944826359 1.172811104131081 0
1692944826360 1.1719782668011902 0
1692944826361 1.1708959483089034 0
1692944826362 1.1699100574566983 0
1692944826363 1.1686645485091693 0
1692944826363 1.1672815403457775 0
1692944826364 1.1657061728763187 0
1692944826365 1.1647651700988797 0
1692944826366 1.162547629742523 0
1692944826367 1.1615854827132035 0
1692944826368 1.1605552352283581 0
1692944826368 1.1591730778890545 0
1692944826369 1.1584002697349893 0
1692944826370 1.1571913787385164 0
1692944826371 1.1563512382156957 0
1692944826373 1.155396595034639 0
1692944826373 1.154655449695873 0
1692944826375 1.1536209120217171 0
1692944826375 1.152275260702792 0
1692944826376 1.1508202498729494 0
1692944826377 1.1492874326383113 0
1692944826378 1.1485038043925868 0
1692944826379 1.1470971753945254 0
1692944826380 1.1459663067720374 0
1692944826380 1.144834080205741 0
1692944826381 1.144080665350359 0
1692944826382 1.1434939401050175 0
1692944826383 1.1425227258685946 0
1692944826384 1.141287196220849 0
1692944826385 1.1401323533527967 0
1692944826386 1.1396716752463028 0
1692944826387 1.1387499166993034 0
1692944826387 1.137407801418021 0
1692944826388 1.1368694463187523 0
