1692944916089 1.7731234022654487 0
1692944916090 1.668683615345974 0
1692944916092 1.5806298731437998 0
1692944916093 1.5083802547080574 0
1692944916094 1.4409520386001784 0
1692944916095 1.3856580330509227 0
1692944916096 1.3391429596731284 0
1692944916097 1.2998398813216243 0
1692944916098 1.2673853292859658 0
1692944916099 1.2388423686592376 0
1692944916100 1.2149505725401553 0
1692944916101 1.1929277893814962 0
1692944916102 1.1740122829736785 0
1692944916103 1.1565109634802304 0
1692944916104 1.141886988033001 0
1692944916105 1.1278736790161836 0
1692944916106 1.1151593990554622 0
1692944916106 1.10257019389079 0
1692944916107 1.0912890930020298 0
1692944916108 1.0804157766318294 0
1692944916109 1.0724532604545327 0
1692944916110 1.062557280644621 0
1692944916111 1.0552351795624995 0
1692944916112 1.046742580413116 0
1692944916113 1.0399414463247971 0
1692944916114 1.0339074468968112 0
1692944916115 1.0261090488168665 0
1692944916116 1.0208855252190703 0
1692944916116 1.0162151428533972 0
1692944916117 1.0125005501034143 0
1692944916118 1.0065906247916434 0
1692944916119 1.0019370773385774 0
1692944916120 0.9968942533530923 0
1692944916121 0.9917878912663262 0
1692944916122 0.9869282321854534 0
1692944916123 0.9804472201542055 0
1692944916124 0.9754637518825269 0
1692944916124 0.9722072769198121 0
1692944916125 0.9683850121288747 0
1692944916126 0.9640324148899386 0
1692944916127 0.9608864471955852 0
1692944916128 0.9586261464410789 0
1692944916129 0.9530193426764638 0
1692944916130 0.9502023655569468 0
1692944916131 0.9453695707763459 0
1692944916132 0.9409117010244711 0
1692944916132 0.9373744943347376 0
1692944916133 0.9349546427340688 0
1692944916134 0.933691504833106 0
1692944916135 0.9294979321875422 0
1692944916136 0.9284008818874349 0
1692944916137 0.9277412906489293 0
1692944916138 0.9242363585935072 0
1692944916139 0.9219042587871189 0
1692944916140 0.9214538834790712 0
1692944916141 0.9202929072675824 0
1692944916142 0.919948097739369 0
1692944916142 0.9163474604019968 0
1692944916143 0.9132014519543478 0
1692944916144 0.9118548967905168 0
1692944916145 0.910403557570995 0
1692944916146 0.9070568834362602 0
1692944916147 0.9031671668040785 0
1692944916148 0.8995382848896624 0
1692944916149 0.8943392189917215 0
1692944916150 0.892402998527225 0
1692944916151 0.8881195988473618 0
1692944916151 0.8855209889374092 0
1692944916152 0.8808720531496637 0
1692944916153 0.8802008680516956 0
1692944916154 0.8769098679973687 0
1692944916155 0.8763398702333381 0
1692944916156 0.8707497670801877 0
1692944916157 0.8677859596434659 0
1692944916158 0.8649391790465956 0
1692944916159 0.8587972330759885 0
1692944916160 0.8563714849887865 0
1692944916161 0.8546704807214519 0
1692944916162 0.8492716725544129 0
1692944916163 0.847444285967545 0
1692944916164 0.8441076849702002 0
1692944916165 0.8437504575302269 0
1692944916165 0.8424453464310038 0
1692944916166 0.8388574250139441 0
1692944916167 0.838258268429729 0
1692944916168 0.836645201540663 0
1692944916169 0.8360268232793345 0
1692944916170 0.8337748519630556 0
1692944916171 0.8311751382816145 0
1692944916172 0.8280114150327521 0
1692944916173 0.8246454196279869 0
1692944916174 0.8225727998106421 0
1692944916174 0.8203729942251824 0
1692944916175 0.8173491872338203 0
1692944916176 0.8133607687094414 0
1692944916177 0.8095387127927159 0
1692944916178 0.8048108981376834 0
1692944916179 0.803097672061757 0
1692944916180 0.7993349942352741 0
1692944916181 0.7969999419104736 0
