1692944904024 1.7858455502996904 0
1692944904026 1.693996886396336 0
1692944904027 1.6074274636110053 0
1692944904027 1.5417584182656694 0
1692944904028 1.482586173978457 0
1692944904029 1.4327598758841003 0
1692944904030 1.391192522635344 0
1692944904031 1.3568818268282168 0
1692944904033 1.3275761189055142 0
1692944904033 1.3012074726135796 0
1692944904035 1.2801725878439862 0
1692944904035 1.2605648061685384 0
1692944904036 1.2440476688422317 0
1692944904037 1.228924082434377 0
1692944904038 1.2157419768316657 0
1692944904039 1.2045575621768947 0
1692944904040 1.1942044459071044 0
1692944904041 1.183600789778612 0
1692944904042 1.174247505908559 0
1692944904043 1.1658393188894358 0
1692944904044 1.1569809781339575 0
1692944904044 1.1507608630513781 0
1692944904045 1.144150293957535 0
1692944904046 1.1370208526634802 0
1692944904047 1.1320545109370719 0
1692944904048 1.1266797429998847 0
1692944904049 1.1217053534129422 0
1692944904050 1.1172504893937394 0
1692944904051 1.1133697171519197 0
1692944904052 1.1100533431272395 0
1692944904053 1.1069852685534576 0
1692944904053 1.102750255167506 0
1692944904054 1.0981942349984486 0
1692944904055 1.0947515813442132 0
1692944904056 1.0922932771240457 0
1692944904057 1.089668313304121 0
1692944904058 1.0865344016762835 0
1692944904059 1.0838833098377176 0
1692944904060 1.0797464560397156 0
1692944904061 1.0777802379719403 0
1692944904062 1.075745767258541 0
1692944904063 1.0734336519678818 0
1692944904063 1.0708373823061699 0
1692944904064 1.0699259083884087 0
1692944904065 1.066890492809195 0
1692944904066 1.0652945174375645 0
1692944904067 1.0605831903393346 0
1692944904068 1.057721708507492 0
1692944904069 1.0547694115666775 0
1692944904070 1.0539767043551718 0
1692944904071 1.0499352959884085 0
1692944904071 1.0447374728027832 0
1692944904072 1.0429398566190302 0
1692944904073 1.0417954544084975 0
1692944904074 1.0382312395346973 0
1692944904075 1.035130516233835 0
1692944904076 1.0314675565356954 0
1692944904077 1.0303425857031443 0
1692944904078 1.0291891111546878 0
1692944904078 1.0272714538163614 0
1692944904079 1.0267063734715733 0
1692944904080 1.0255165498265322 0
1692944904081 1.024041927548679 0
1692944904082 1.0211873779333454 0
1692944904083 1.019563860922969 0
1692944904084 1.0187714425961385 0
1692944904085 1.0166316371739348 0
1692944904086 1.015920499106478 0
1692944904086 1.0132919223090633 0
1692944904087 1.0098268774070378 0
1692944904088 1.0093998869369711 0
1692944904089 1.0070210077273687 0
1692944904090 1.006567458240069 0
1692944904091 1.0036333788296106 0
1692944904092 1.0011792794400578 0
1692944904093 0.999219302184202 0
1692944904094 0.998168180049095 0
1692944904095 0.9960643320020548 0
1692944904096 0.9948691776995424 0
1692944904097 0.9928140234200199 0
1692944904098 0.992549279785916 0
1692944904099 0.9898101017451751 0
1692944904100 0.989326853611048 0
1692944904101 0.9890997200522976 0
1692944904102 0.987667693202295 0
1692944904102 0.9850292745266108 0
1692944904103 0.9827345515785592 0
1692944904104 0.980921470038173 0
1692944904105 0.9802079911217914 0
1692944904106 0.9797652261765805 0
1692944904107 0.9789704344357747 0
1692944904108 0.9780540036917751 0
1692944904109 0.9772365072388871 0
1692944904109 0.9758883521683885 0
1692944904110 0.9753282452261117 0
1692944904111 0.9728164609820249 0
1692944904112 0.9723324194061478 0
1692944904113 0.9699977683577117 0
1692944904114 0.9677051768607211 0
1692944904115 0.9663391717462496 0
