1692944818743 1.854067839128975 0
1692944818744 1.810949692481019 0
1692944818745 1.7751963180651098 0
1692944818746 1.740445047359433 0
1692944818746 1.7060874932773173 0
1692944818747 1.6744620956076235 0
1692944818748 1.647824767491128 0
1692944818749 1.6240798487102852 0
1692944818750 1.59952968352658 0
1692944818751 1.5786740808491737 0
1692944818752 1.5571410505122951 0
1692944818753 1.536855387617965 0
1692944818754 1.5185161407747108 0
1692944818755 1.5013982481336428 0
1692944818755 1.4868817172480469 0
1692944818756 1.4727908258252773 0
1692944818757 1.458394589134828 0
1692944818758 1.445362394367603 0
1692944818759 1.4330663484614048 0
1692944818760 1.4229378116070375 0
1692944818760 1.4139418031042847 0
1692944818761 1.4047274698908518 0
1692944818762 1.3949154386474134 0
1692944818763 1.386623598274175 0
1692944818764 1.3784279224147722 0
1692944818765 1.3707273185038782 0
1692944818766 1.3629652701465063 0
1692944818766 1.3563730609572617 0
1692944818767 1.350602157028313 0
1692944818768 1.3448616606228088 0
1692944818769 1.3396650195001543 0
1692944818770 1.3341044445953287 0
1692944818771 1.329167114623546 0
1692944818771 1.3242675283452623 0
1692944818772 1.3192235773088592 0
1692944818773 1.3146274500753172 0
1692944818774 1.3104446874396771 0
1692944818775 1.3064798633002621 0
1692944818776 1.3029712672499485 0
1692944818776 1.299335909724892 0
1692944818777 1.295484752796951 0
1692944818778 1.2926504111681574 0
1692944818779 1.2894448420469156 0
1692944818780 1.2868341718912575 0
1692944818781 1.2831133440067182 0
1692944818781 1.2807479178665482 0
1692944818782 1.278026311968562 0
1692944818783 1.2748686077656046 0
1692944818784 1.2722259761424362 0
1692944818785 1.269876535667505 0
1692944818786 1.26766108368564 0
1692944818787 1.2653193703453849 0
1692944818788 1.2629124490912988 0
1692944818788 1.2611139716573074 0
1692944818789 1.258796046006379 0
1692944818790 1.2565961809962614 0
1692944818791 1.2547064401592603 0
1692944818792 1.2528961638072291 0
1692944818793 1.2508342967086212 0
1692944818794 1.248622519357724 0
1692944818795 1.247189653874104 0
1692944818795 1.2457431747276524 0
1692944818796 1.244112059175115 0
1692944818797 1.2428428616868066 0
1692944818798 1.2410440546368902 0
1692944818799 1.2398525228596824 0
1692944818800 1.2380814785640009 0
1692944818800 1.2370193536296479 0
1692944818801 1.2352669422722968 0
1692944818802 1.2336436088972549 0
1692944818803 1.2322829271298616 0
1692944818804 1.230986614161388 0
1692944818805 1.2294397528240564 0
1692944818806 1.2283280845363227 0
1692944818806 1.2270322148304171 0
1692944818807 1.2259618529901979 0
1692944818808 1.2251978559416032 0
1692944818809 1.223933380559306 0
1692944818810 1.2229818209566037 0
1692944818811 1.2219911355622526 0
1692944818811 1.2210328586739656 0
1692944818812 1.2195141782840497 0
1692944818813 1.2179708700989937 0
1692944818814 1.2169964333792633 0
1692944818815 1.2159053309308003 0
1692944818816 1.2151216535236042 0
1692944818817 1.2141926608230558 0
1692944818818 1.2127709142136915 0
1692944818819 1.2120276152698537 0
1692944818820 1.2110600889974332 0
1692944818820 1.2102039059227405 0
1692944818821 1.2091046990182648 0
1692944818822 1.2082617534964513 0
1692944818823 1.207248955955547 0
1692944818824 1.2066220654888373 0
1692944818825 1.2056559195171865 0
1692944818825 1.2051778715136272 0
1692944818826 1.204350371670477 0
1692944818827 1.2037799034174403 0
1692944818828 1.2028284639114784 0
