1692944763419 1.8900255303483293 0
1692944763420 1.8794913900920258 0
1692944763421 1.8691659686320279 0
1692944763422 1.8590405308479752 0
1692944763423 1.849110011250944 0
1692944763423 1.8393714064093747 0
1692944763424 1.829819007180606 0
1692944763425 1.8203021556679466 0
1692944763426 1.8111073370273632 0
1692944763427 1.8019467509827902 0
1692944763428 1.7930982430329916 0
1692944763429 1.7842285256830583 0
1692944763430 1.77477563900977 0
1692944763431 1.76550696382432 0
1692944763432 1.7564194104098412 0
1692944763432 1.7474651133840728 0
1692944763433 1.7387265596015338 0
1692944763434 1.7301165398859546 0
1692944763435 1.7217107514433583 0
1692944763436 1.71338088451246 0
1692944763436 1.7052941115307565 0
1692944763437 1.697902329568072 0
1692944763438 1.6900583245181036 0
1692944763439 1.6823648249158198 0
1692944763440 1.6748158138637843 0
1692944763440 1.6673944344686036 0
1692944763441 1.6600888337640716 0
1692944763442 1.652943651928351 0
1692944763443 1.6458944158914266 0
1692944763444 1.6390074785042312 0
1692944763444 1.6327536388537136 0
1692944763445 1.6260639385052427 0
1692944763446 1.619539874344722 0
1692944763447 1.6130956132640923 0
1692944763448 1.6067096891303019 0
1692944763448 1.600529686234851 0
1692944763449 1.594341670276422 0
1692944763450 1.5883004560265208 0
1692944763451 1.5824530229762133 0
1692944763452 1.57662787843195 0
1692944763452 1.5713459872490898 0
1692944763453 1.5657145505411718 0
1692944763454 1.560248089658577 0
1692944763455 1.5548014379866977 0
1692944763456 1.5495324965448842 0
1692944763456 1.5442842012570395 0
1692944763457 1.5391388424572239 0
1692944763458 1.5344259886181348 0
1692944763459 1.529435950034146 0
1692944763460 1.5245911759714745 0
1692944763461 1.5197823463623432 0
1692944763461 1.51510848481832 0
1692944763462 1.5104679464126822 0
1692944763463 1.5058984622397782 0
1692944763464 1.5016903739940877 0
1692944763465 1.4972836663609161 0
1692944763465 1.493010405424906 0
1692944763466 1.4887411396208485 0
1692944763467 1.4845676383815283 0
1692944763468 1.480481473408766 0
1692944763469 1.4766598403029483 0
1692944763469 1.4726673407948616 0
1692944763470 1.4687655925268797 0
1692944763471 1.464945242758121 0
1692944763472 1.4611287087633136 0
1692944763473 1.4574904649116365 0
1692944763473 1.4537837212226583 0
1692944763474 1.4502776529658037 0
1692944763475 1.4467108204616916 0
1692944763476 1.4431620194034116 0
1692944763477 1.439807799737515 0
1692944763477 1.4364691271244052 0
1692944763478 1.4331301240952194 0
1692944763479 1.429841612015832 0
1692944763480 1.4267044367299582 0
1692944763481 1.423577758766477 0
1692944763481 1.420448792013394 0
1692944763482 1.417366193069229 0
1692944763483 1.4144288071341569 0
1692944763484 1.4114976870660594 0
1692944763485 1.408511724643059 0
1692944763486 1.4055849550898663 0
1692944763486 1.4027490931771538 0
1692944763487 1.4000181087651227 0
1692944763488 1.3973105736270464 0
1692944763489 1.3945642244788459 0
1692944763490 1.3918670157061304 0
1692944763491 1.3892206820781576 0
1692944763492 1.3866469828585937 0
1692944763493 1.384064006814329 0
1692944763493 1.381563562950799 0
1692944763494 1.3791116646522787 0
1692944763495 1.3766580037676928 0
1692944763496 1.3742408896275509 0
1692944763497 1.371851934110704 0
1692944763497 1.3695397480137035 0
1692944763498 1.36722572449653 0
1692944763499 1.364880130006854 0
1692944763500 1.3626382969023072 0
1692944763501 1.3604571123331657 0
