1692944805458 1.8877078784398433 0
1692944805459 1.875237092387141 0
1692944805460 1.8625083333801793 0
1692944805461 1.8501226791574412 0
1692944805462 1.8378302307452974 0
1692944805463 1.8261427209677836 0
1692944805463 1.8137517804433352 0
1692944805464 1.8022877642422128 0
1692944805465 1.7907674355622358 0
1692944805466 1.7799990029921897 0
1692944805467 1.7694897311558726 0
1692944805468 1.7588637202904296 0
1692944805469 1.7477730331588208 0
1692944805470 1.7373498102695737 0
1692944805471 1.727388824857974 0
1692944805472 1.716785408484387 0
1692944805472 1.7070102918419088 0
1692944805473 1.6972419843263478 0
1692944805474 1.6872556704371338 0
1692944805475 1.6775275883612266 0
1692944805476 1.6685072095775486 0
1692944805477 1.6592769004206456 0
1692944805477 1.6495892231135485 0
1692944805478 1.6408080841773272 0
1692944805479 1.6320629803804 0
1692944805480 1.623126453752061 0
1692944805481 1.614882550903443 0
1692944805482 1.607209672389619 0
1692944805482 1.5991114602337109 0
1692944805483 1.5912717651295847 0
1692944805484 1.5840740789633123 0
1692944805485 1.576256642770856 0
1692944805486 1.568911161545811 0
1692944805487 1.5616728508935689 0
1692944805487 1.5543767463782128 0
1692944805488 1.5471720896091308 0
1692944805489 1.5398216420929793 0
1692944805490 1.5328678223161447 0
1692944805491 1.5261725139647584 0
1692944805492 1.5196785514598399 0
1692944805492 1.51265853252902 0
1692944805493 1.5062437082303837 0
1692944805494 1.4998151370802881 0
1692944805495 1.4933706923862236 0
1692944805496 1.48692420542826 0
1692944805496 1.4804466379845884 0
1692944805497 1.4742645980767002 0
1692944805498 1.468166565145462 0
1692944805499 1.4621794899314835 0
1692944805500 1.456201367416247 0
1692944805501 1.4502644142480337 0
1692944805501 1.444310379356802 0
1692944805502 1.4390814186072893 0
1692944805503 1.4334611575940808 0
1692944805504 1.4279042680570293 0
1692944805505 1.4226067971616996 0
1692944805506 1.4175326582403545 0
1692944805506 1.4122626843245911 0
1692944805507 1.4072371077706234 0
1692944805508 1.402211905974692 0
1692944805509 1.3976460756518105 0
1692944805510 1.392568810821817 0
1692944805510 1.3877004056040643 0
1692944805511 1.3828921040221756 0
1692944805512 1.378237019578858 0
1692944805513 1.3735926491843784 0
1692944805514 1.3690867197626502 0
1692944805515 1.3645111587395424 0
1692944805515 1.360329067125563 0
1692944805516 1.3559457975494933 0
1692944805517 1.3516607862478758 0
1692944805518 1.347498441754456 0
1692944805519 1.3432435381491203 0
1692944805520 1.3391837036196863 0
1692944805520 1.3352415796479764 0
1692944805521 1.3313368235344911 0
1692944805522 1.3275674401769044 0
1692944805523 1.3237705804948536 0
1692944805524 1.3200688802987313 0
1692944805525 1.316340852559083 0
1692944805525 1.3128015218870392 0
1692944805526 1.3090667621140766 0
1692944805527 1.3055454549383263 0
1692944805528 1.3020155085554779 0
1692944805529 1.2984145365860698 0
1692944805530 1.2949835165431338 0
1692944805531 1.2914097740774315 0
1692944805532 1.2882434243423775 0
1692944805533 1.2849352654395392 0
1692944805533 1.281742273605391 0
1692944805534 1.2786172688719863 0
1692944805535 1.2752945901681756 0
1692944805536 1.272091319243822 0
1692944805537 1.2691008203118614 0
1692944805538 1.2662895806354848 0
1692944805538 1.2632082250334145 0
1692944805539 1.2602018752588098 0
1692944805540 1.2573037254779222 0
1692944805541 1.254605004515144 0
1692944805542 1.2516662454030236 0
