1692944833083 1.8488754267698742 0
1692944833084 1.8030332389046282 0
1692944833085 1.7606429926712754 0
1692944833086 1.7192525733907376 0
1692944833087 1.6807857109188276 0
1692944833088 1.6453860558664397 0
1692944833089 1.6128959282369764 0
1692944833090 1.5829484037632502 0
1692944833091 1.555981790762924 0
1692944833092 1.5299003807338134 0
1692944833093 1.5086087286587324 0
1692944833094 1.4869948843854974 0
1692944833094 1.4674176199985307 0
1692944833095 1.4484629580023147 0
1692944833096 1.431735297230673 0
1692944833097 1.4159557782797518 0
1692944833098 1.4015878829031643 0
1692944833099 1.388144807781253 0
1692944833099 1.37568406630196 0
1692944833100 1.3636459739507745 0
1692944833101 1.3527523227480927 0
1692944833102 1.3426311352161344 0
1692944833103 1.3338301807726791 0
1692944833104 1.3247938199564682 0
1692944833105 1.3167178402969757 0
1692944833105 1.3092657384099622 0
1692944833106 1.3023473377702977 0
1692944833107 1.2961931525464363 0
1692944833108 1.289929554123942 0
1692944833109 1.2838086253468863 0
1692944833110 1.2783718467183722 0
1692944833110 1.2726914137423986 0
1692944833111 1.267831402769669 0
1692944833112 1.2633525341226537 0
1692944833113 1.2581712126094642 0
1692944833114 1.2538164154377454 0
1692944833115 1.249177131398125 0
1692944833116 1.2446121555968437 0
1692944833116 1.2409466573628647 0
1692944833117 1.2373905542616213 0
1692944833118 1.2341349543557079 0
1692944833119 1.230726249522092 0
1692944833120 1.2281253010178188 0
1692944833121 1.2250552828096475 0
1692944833122 1.2220474824518648 0
1692944833122 1.2195835117940643 0
1692944833123 1.2168214792972962 0
1692944833124 1.2140084847953854 0
1692944833125 1.2112653024213267 0
1692944833126 1.2082655585596096 0
1692944833127 1.2057422149326522 0
1692944833127 1.2034191948116004 0
1692944833128 1.2005351950305778 0
1692944833129 1.198652150762793 0
1692944833130 1.197006126633731 0
1692944833131 1.195109035681947 0
1692944833132 1.1933912315121513 0
1692944833132 1.1913966173820552 0
1692944833133 1.190054045589915 0
1692944833134 1.1887051969020523 0
1692944833135 1.1873200225210854 0
1692944833136 1.1854739134392283 0
1692944833137 1.183102926896564 0
1692944833137 1.1811010793619143 0
1692944833138 1.179722042477763 0
1692944833139 1.1777405385450714 0
1692944833140 1.1763805255023 0
1692944833141 1.1748595401754698 0
1692944833142 1.173410261592262 0
1692944833142 1.1718542547726818 0
1692944833143 1.1705185780813314 0
1692944833144 1.1689714696504945 0
1692944833145 1.167812383897806 0
1692944833146 1.1670727629914823 0
1692944833147 1.1655266468641823 0
1692944833148 1.1646586550355953 0
1692944833148 1.163594780035087 0
1692944833149 1.1626878422484275 0
1692944833150 1.1614148123857688 0
1692944833151 1.1602991747587974 0
1692944833152 1.1592959759475718 0
1692944833153 1.1585384299664014 0
1692944833153 1.1568601108946979 0
1692944833154 1.1559219068805895 0
1692944833155 1.1548753226868085 0
1692944833156 1.1542025610845394 0
1692944833157 1.1535795905341466 0
1692944833158 1.1521939885331551 0
1692944833159 1.1510760734176249 0
1692944833160 1.1497010549571036 0
1692944833161 1.1486267983311216 0
1692944833162 1.1479524554382057 0
1692944833162 1.1467159476324074 0
1692944833163 1.1454855278700184 0
1692944833164 1.1449553842087035 0
1692944833165 1.144528083373049 0
1692944833166 1.1440400745944481 0
1692944833167 1.143606647913961 0
1692944833167 1.1429714278986374 0
1692944833168 1.1426607227822112 0
