1692944777736 1.8886398269984055 0
1692944777737 1.8767488316605567 0
1692944777738 1.8650944671299308 0
1692944777739 1.8536769484626878 0
1692944777740 1.8424653694540627 0
1692944777741 1.8314817278709115 0
1692944777742 1.8207103305741041 0
1692944777743 1.8101575173058813 0
1692944777744 1.7998104941645248 0
1692944777745 1.7894316291594239 0
1692944777746 1.779471269218205 0
1692944777747 1.7694738303484017 0
1692944777748 1.7597621171932687 0
1692944777749 1.750178563575376 0
1692944777750 1.740696668342312 0
1692944777751 1.7315950048545108 0
1692944777752 1.7224814680499312 0
1692944777753 1.7136724657103095 0
1692944777754 1.7049346011262179 0
1692944777755 1.6963565294700214 0
1692944777756 1.6872225274602353 0
1692944777757 1.678312299452306 0
1692944777758 1.669510232668489 0
1692944777758 1.6609421704661707 0
1692944777759 1.6530817405137899 0
1692944777760 1.6447874397212208 0
1692944777761 1.6366727706745503 0
1692944777762 1.6286963194073114 0
1692944777763 1.6208716772009348 0
1692944777764 1.6131993456847895 0
1692944777765 1.6056519855902087 0
1692944777766 1.598307401398145 0
1692944777767 1.5916395477049685 0
1692944777768 1.5845356835500168 0
1692944777769 1.5780199084124433 0
1692944777770 1.571144858013603 0
1692944777771 1.5643643503823814 0
1692944777772 1.5577846066761412 0
1692944777773 1.5512895229286325 0
1692944777775 1.5449216689771368 0
1692944777776 1.5386917841723209 0
1692944777778 1.5324898928403237 0
1692944777779 1.526469636069499 0
1692944777781 1.5204977845021095 0
1692944777782 1.5146250994006931 0
1692944777783 1.5088836126219065 0
1692944777784 1.503307440462493 0
1692944777785 1.4977739370878722 0
1692944777786 1.4923382187743774 0
1692944777786 1.4870145965597679 0
1692944777787 1.4818452653652368 0
1692944777788 1.4766595624258136 0
1692944777789 1.4715512558536135 0
1692944777790 1.4666395774172312 0
1692944777790 1.461734091012902 0
1692944777791 1.4569269935879783 0
1692944777792 1.4523490518241557 0
1692944777793 1.4476820963132355 0
1692944777795 1.4431066413610676 0
1692944777795 1.4386025610397786 0
1692944777796 1.4342531803756682 0
1692944777797 1.4299486398879244 0
1692944777798 1.4256477760590078 0
1692944777799 1.4214479879846111 0
1692944777799 1.4172398189762767 0
1692944777800 1.4131162715204089 0
1692944777801 1.4091658689189583 0
1692944777802 1.4052263082738479 0
1692944777803 1.401359637424249 0
1692944777804 1.3974910039407906 0
1692944777804 1.3937576057720094 0
1692944777806 1.390030150141804 0
1692944777807 1.3864244827711685 0
1692944777814 1.3828845329766781 0
1692944777815 1.3794866880206575 0
1692944777816 1.376054746560081 0
1692944777817 1.3725050416207205 0
1692944777819 1.3691671788843234 0
1692944777820 1.3658886400465289 0
1692944777821 1.3626922810340922 0
1692944777822 1.3595181620029575 0
1692944777823 1.356291938914367 0
1692944777825 1.3532547862380269 0
1692944777825 1.3502056522641226 0
1692944777826 1.3472171924495953 0
1692944777827 1.344252920380489 0
1692944777828 1.3413108159217155 0
1692944777829 1.3384660347173551 0
1692944777829 1.3356463286710811 0
1692944777830 1.3328983190423638 0
1692944777831 1.3300356181829063 0
1692944777832 1.3273824992410073 0
1692944777833 1.3247233970457524 0
1692944777834 1.3221524666568687 0
1692944777835 1.319465809347815 0
1692944777836 1.3167334398165977 0
1692944777837 1.314294506079919 0
1692944777838 1.3118373795148062 0
1692944777838 1.3094756607018072 0
1692944777839 1.3069367552533362 0
